0.000000
0.000000
0.000000
0.000000
0.000000
0.000000
0.000000
0.000000
0.000000
0.000139
0.024958
0.000000
0.000000
0.000000
0.000000
0.000000
0.000000
0.000000
0.000000
0.000000
0.000000
0.000000
0.000000
0.000000
0.000000
0.000000
0.000000
0.000000
0.000000
0.000000
0.000000
0.000000
0.205595
0.000212
0.000285
0.000000
0.000000
0.000000
0.000133
0.001944
0.000436
0.000442
0.000642
0.000006
0.008477
0.002047
0.008265
0.000230
0.000194
0.000327
0.000345
0.000188
0.000109
0.000067
0.000079
0.000073
0.000103
0.000091
0.001925
0.000127
0.000309
0.001847
0.000315
0.000339
0.000006
0.004117
0.001060
0.002325
0.001689
0.004493
0.000799
0.001132
0.002143
0.004069
0.000176
0.000751
0.002331
0.001695
0.002343
0.002507
0.001889
0.000103
0.002325
0.003058
0.005007
0.001072
0.000648
0.001435
0.000254
0.000836
0.000079
0.000024
0.000000
0.000024
0.000024
0.002277
0.000721
0.056771
0.010081
0.022966
0.023033
0.089564
0.013533
0.013442
0.033278
0.047707
0.000587
0.004160
0.028313
0.018685
0.045569
0.054046
0.016530
0.000775
0.046132
0.044643
0.063262
0.020696
0.008229
0.010021
0.001913
0.013739
0.000575
0.000024
0.000048
0.000018
0.000000
0.000000
0.000000
0.000000
0.000000
0.000000
0.000000
0.000000
0.000000
0.000000
0.000000
0.000000
0.000000
0.000000
0.000000
0.000000
0.000000
0.000000
0.000000
0.000000
0.000000
0.000000
0.000000
0.000000
