0.548016
1.085502
1.602160
2.088155
2.534327
2.932393
3.275129
3.556524
3.771905
3.918034
3.993167
3.997084
3.931077
3.797905
3.601723
3.347959
3.043191
2.694968
2.311633
1.902113
1.475710
1.041874
0.609983
0.189120
-0.212132
-0.585891
-0.925148
-1.223923
-1.477387
-1.681966
-1.835397
-1.936764
-1.986493
-1.986320
-1.939215
-1.849286
-1.721654
-1.562298
-1.377882
-1.175571
-0.962825
-0.747198
-0.536132
-0.336750
-0.155667
0.001186
0.128728
0.222855
0.280559
0.300000
0.280559
0.222855
0.128728
0.001186
-0.155667
-0.336750
-0.536132
-0.747198
-0.962825
-1.175571
-1.377882
-1.562298
-1.721654
-1.849286
-1.939215
-1.986320
-1.986493
-1.936764
-1.835397
-1.681966
-1.477387
-1.223923
-0.925148
-0.585891
-0.212132
0.189120
0.609983
1.041874
1.475710
1.902113
2.311633
2.694968
3.043191
3.347959
3.601723
3.797905
3.931077
3.997084
3.993167
3.918034
3.771905
3.556524
3.275129
2.932393
2.534327
2.088155
1.602160
1.085502
0.548016
-0.000000
-0.548016
-1.085502
-1.602160
-2.088155
-2.534327
-2.932393
-3.275129
-3.556524
-3.771905
-3.918034
-3.993167
-3.997084
-3.931077
-3.797905
-3.601723
-3.347959
-3.043191
-2.694968
-2.311633
-1.902113
-1.475710
-1.041874
-0.609983
-0.189120
0.212132
0.585891
0.925148
1.223923
1.477387
1.681966
1.835397
1.936764
1.986493
1.986320
1.939215
1.849286
1.721654
1.562298
1.377882
1.175571
0.962825
0.747198
0.536132
0.336750
0.155667
-0.001186
-0.128728
-0.222855
-0.280559
-0.300000
-0.280559
-0.222855
-0.128728
-0.001186
0.155667
0.336750
0.536132
0.747198
0.962825
1.175571
1.377882
1.562298
1.721654
1.849286
1.939215
1.986320
1.986493
1.936764
1.835397
1.681966
1.477387
1.223923
0.925148
0.585891
0.212132
-0.189120
-0.609983
-1.041874
-1.475710
-1.902113
-2.311633
-2.694968
-3.043191
-3.347959
-3.601723
-3.797905
-3.931077
-3.997084
-3.993167
-3.918034
-3.771905
-3.556524
-3.275129
-2.932393
-2.534327
-2.088155
-1.602160
-1.085502
-0.548016
0.000000
0.548016
1.085502
1.602160
2.088155
2.534327
2.932393
3.275129
3.556524
3.771905
3.918034
3.993167
3.997084
3.931077
3.797905
3.601723
3.347959
3.043191
2.694968
2.311633
1.902113
1.475710
1.041874
0.609983
0.189120
-0.212132
-0.585891
-0.925148
-1.223923
-1.477387
-1.681966
-1.835397
-1.936764
-1.986493
-1.986320
-1.939215
-1.849286
-1.721654
-1.562298
-1.377882
-1.175571
-0.962825
-0.747198
-0.536132
-0.336750
-0.155667
0.001186
0.128728
0.222855
0.280559
0.300000
0.280559
0.222855
0.128728
0.001186
-0.155667
-0.336750
-0.536132
-0.747198
-0.962825
-1.175571
-1.377882
-1.562298
-1.721654
-1.849286
-1.939215
-1.986320
-1.986493
-1.936764
-1.835397
-1.681966
-1.477387
-1.223923
-0.925148
-0.585891
-0.212132
0.189120
0.609983
1.041874
1.475710
1.902113
2.311633
2.694968
3.043191
3.347959
3.601723
3.797905
3.931077
3.997084
3.993167
3.918034
3.771905
3.556524
3.275129
2.932393
2.534327
2.088155
1.602160
1.085502
0.548016
-0.000000
-0.548016
-1.085502
-1.602160
-2.088155
-2.534327
-2.932393
-3.275129
-3.556524
-3.771905
-3.918034
-3.993167
-3.997084
-3.931077
-3.797905
-3.601723
-3.347959
-3.043191
-2.694968
-2.311633
-1.902113
-1.475710
-1.041874
-0.609983
-0.189120
0.212132
0.585891
0.925148
1.223923
1.477387
1.681966
1.835397
1.936764
1.986493
1.986320
1.939215
1.849286
1.721654
1.562298
1.377882
1.175571
0.962825
0.747198
0.536132
0.336750
0.155667
-0.001186
-0.128728
-0.222855
-0.280559
-0.300000
-0.280559
-0.222855
-0.128728
-0.001186
0.155667
0.336750
0.536132
0.747198
0.962825
1.175571
1.377882
1.562298
1.721654
1.849286
1.939215
1.986320
1.986493
1.936764
1.835397
1.681966
1.477387
1.223923
0.925148
0.585891
0.212132
-0.189120
-0.609983
-1.041874
-1.475710
-1.902113
-2.311633
-2.694968
-3.043191
-3.347959
-3.601723
-3.797905
-3.931077
-3.997084
-3.993167
-3.918034
-3.771905
-3.556524
-3.275129
-2.932393
-2.534327
-2.088155
-1.602160
-1.085502
-0.548016
0.000000
0.548016
1.085502
1.602160
2.088155
2.534327
2.932393
3.275129
3.556524
3.771905
3.918034
3.993167
3.997084
3.931077
3.797905
3.601723
3.347959
3.043191
2.694968
2.311633
1.902113
1.475710
1.041874
0.609983
0.189120
-0.212132
-0.585891
-0.925148
-1.223923
-1.477387
-1.681966
-1.835397
-1.936764
-1.986493
-1.986320
-1.939215
-1.849286
-1.721654
-1.562298
-1.377882
-1.175571
-0.962825
-0.747198
-0.536132
-0.336750
-0.155667
0.001186
0.128728
0.222855
0.280559
0.300000
0.280559
0.222855
0.128728
0.001186
-0.155667
-0.336750
-0.536132
-0.747198
-0.962825
-1.175571
-1.377882
-1.562298
-1.721654
-1.849286
-1.939215
-1.986320
-1.986493
-1.936764
-1.835397
-1.681966
-1.477387
-1.223923
-0.925148
-0.585891
-0.212132
0.189120
0.609983
1.041874
1.475710
1.902113
2.311633
2.694968
3.043191
3.347959
3.601723
3.797905
3.931077
3.997084
3.993167
3.918034
3.771905
3.556524
3.275129
2.932393
2.534327
2.088155
1.602160
1.085502
0.548016
-0.000000
-0.548016
-1.085502
-1.602160
-2.088155
-2.534327
-2.932393
-3.275129
-3.556524
-3.771905
-3.918034
-3.993167
-3.997084
-3.931077
-3.797905
-3.601723
-3.347959
-3.043191
-2.694968
-2.311633
-1.902113
-1.475710
-1.041874
-0.609983
-0.189120
0.212132
0.585891
0.925148
1.223923
1.477387
1.681966
1.835397
1.936764
1.986493
1.986320
1.939215
1.849286
1.721654
1.562298
1.377882
1.175571
0.962825
0.747198
0.536132
0.336750
0.155667
-0.001186
-0.128728
-0.222855
-0.280559
-0.300000
-0.280559
-0.222855
-0.128728
-0.001186
0.155667
0.336750
0.536132
0.747198
0.962825
1.175571
1.377882
1.562298
1.721654
1.849286
1.939215
1.986320
1.986493
1.936764
1.835397
1.681966
1.477387
1.223923
0.925148
0.585891
0.212132
-0.189120
-0.609983
-1.041874
-1.475710
-1.902113
-2.311633
-2.694968
-3.043191
-3.347959
-3.601723
-3.797905
-3.931077
-3.997084
-3.993167
-3.918034
-3.771905
-3.556524
-3.275129
-2.932393
-2.534327
-2.088155
-1.602160
-1.085502
-0.548016
0.000000
0.548016
1.085502
1.602160
2.088155
2.534327
2.932393
3.275129
3.556524
3.771905
3.918034
3.993167
3.997084
3.931077
3.797905
3.601723
3.347959
3.043191
2.694968
2.311633
1.902113
1.475710
1.041874
0.609983
0.189120
-0.212132
-0.585891
-0.925148
-1.223923
-1.477387
-1.681966
-1.835397
-1.936764
-1.986493
-1.986320
-1.939215
-1.849286
-1.721654
-1.562298
-1.377882
-1.175571
-0.962825
-0.747198
-0.536132
-0.336750
-0.155667
0.001186
0.128728
0.222855
0.280559
0.300000
0.280559
0.222855
0.128728
0.001186
-0.155667
-0.336750
-0.536132
-0.747198
-0.962825
-1.175571
-1.377882
-1.562298
-1.721654
-1.849286
-1.939215
-1.986320
-1.986493
-1.936764
-1.835397
-1.681966
-1.477387
-1.223923
-0.925148
-0.585891
-0.212132
0.189120
0.609983
1.041874
1.475710
1.902113
2.311633
2.694968
3.043191
3.347959
3.601723
3.797905
3.931077
3.997084
3.993167
3.918034
3.771905
3.556524
3.275129
2.932393
2.534327
2.088155
1.602160
1.085502
0.548016
-0.000000
-0.548016
-1.085502
-1.602160
-2.088155
-2.534327
-2.932393
-3.275129
-3.556524
-3.771905
-3.918034
-3.993167
-3.997084
-3.931077
-3.797905
-3.601723
-3.347959
-3.043191
-2.694968
-2.311633
-1.902113
-1.475710
-1.041874
-0.609983
-0.189120
0.212132
0.585891
0.925148
1.223923
1.477387
1.681966
1.835397
1.936764
1.986493
1.986320
1.939215
1.849286
1.721654
1.562298
1.377882
1.175571
0.962825
0.747198
0.536132
0.336750
0.155667
-0.001186
-0.128728
-0.222855
-0.280559
-0.300000
-0.280559
-0.222855
-0.128728
-0.001186
0.155667
0.336750
0.536132
0.747198
0.962825
1.175571
1.377882
1.562298
1.721654
1.849286
1.939215
1.986320
1.986493
1.936764
1.835397
1.681966
1.477387
1.223923
0.925148
0.585891
0.212132
-0.189120
-0.609983
-1.041874
-1.475710
-1.902113
-2.311633
-2.694968
-3.043191
-3.347959
-3.601723
-3.797905
-3.931077
-3.997084
-3.993167
-3.918034
-3.771905
-3.556524
-3.275129
-2.932393
-2.534327
-2.088155
-1.602160
-1.085502
-0.548016
0.000000
0.548016
1.085502
1.602160
2.088155
2.534327
2.932393
3.275129
3.556524
3.771905
3.918034
3.993167
3.997084
3.931077
3.797905
3.601723
3.347959
3.043191
2.694968
2.311633
1.902113
1.475710
1.041874
0.609983
0.189120
-0.212132
-0.585891
-0.925148
-1.223923
-1.477387
-1.681966
-1.835397
-1.936764
-1.986493
-1.986320
-1.939215
-1.849286
-1.721654
-1.562298
-1.377882
-1.175571
-0.962825
-0.747198
-0.536132
-0.336750
-0.155667
0.001186
0.128728
0.222855
0.280559
0.300000
0.280559
0.222855
0.128728
0.001186
-0.155667
-0.336750
-0.536132
-0.747198
-0.962825
-1.175571
-1.377882
-1.562298
-1.721654
-1.849286
-1.939215
-1.986320
-1.986493
-1.936764
-1.835397
-1.681966
-1.477387
-1.223923
-0.925148
-0.585891
-0.212132
0.189120
0.609983
1.041874
1.475710
1.902113
2.311633
2.694968
3.043191
3.347959
3.601723
3.797905
3.931077
3.997084
3.993167
3.918034
3.771905
3.556524
3.275129
2.932393
2.534327
2.088155
1.602160
1.085502
0.548016
-0.000000
-0.548016
-1.085502
-1.602160
-2.088155
-2.534327
-2.932393
-3.275129
-3.556524
-3.771905
-3.918034
-3.993167
-3.997084
-3.931077
-3.797905
-3.601723
-3.347959
-3.043191
-2.694968
-2.311633
-1.902113
-1.475710
-1.041874
-0.609983
-0.189120
0.212132
0.585891
0.925148
1.223923
1.477387
1.681966
1.835397
1.936764
1.986493
1.986320
1.939215
1.849286
1.721654
1.562298
1.377882
1.175571
0.962825
0.747198
0.536132
0.336750
0.155667
-0.001186
-0.128728
-0.222855
-0.280559
-0.300000
-0.280559
-0.222855
-0.128728
-0.001186
0.155667
0.336750
0.536132
0.747198
0.962825
1.175571
1.377882
1.562298
1.721654
1.849286
1.939215
1.986320
1.986493
1.936764
1.835397
1.681966
1.477387
1.223923
0.925148
0.585891
0.212132
-0.189120
-0.609983
-1.041874
-1.475710
-1.902113
-2.311633
-2.694968
-3.043191
-3.347959
-3.601723
-3.797905
-3.931077
-3.997084
-3.993167
-3.918034
-3.771905
-3.556524
-3.275129
-2.932393
-2.534327
-2.088155
-1.602160
-1.085502
-0.548016
0.000000
0.548016
1.085502
1.602160
2.088155
2.534327
2.932393
3.275129
3.556524
3.771905
3.918034
3.993167
3.997084
3.931077
3.797905
3.601723
3.347959
3.043191
2.694968
2.311633
1.902113
1.475710
1.041874
0.609983
0.189120
