0.000000
0.067720
0.268613
0.663652
1.307252
2.245354
3.513749
5.136670
7.125708
9.479067
12.181187
15.202754
18.501091
22.020927
25.695525
29.448153
33.193849
36.841445
40.295806
43.460219
46.238877
48.539395
50.275300
51.368427
51.751152
51.368426
50.179528
48.159518
45.300329
41.611484
37.120393
31.872251
25.929498
19.370878
12.290098
4.794125
-2.998851
-10.961742
-18.961108
-26.859895
-34.520271
-41.806523
-48.587924
-54.741523
-60.154782
-64.727997
-68.376460
-71.032294
-72.645929
-73.187185
-72.645929
-71.032293
-68.376459
-64.727996
-60.154781
-54.741522
-48.587922
-41.806521
-34.520269
-26.859893
-18.961106
-10.961740
-2.998850
4.794127
12.290100
19.370879
25.929499
31.872252
37.120394
41.611484
45.300329
48.159517
50.179527
51.368425
51.751151
51.368425
50.275298
48.539393
46.238875
43.460217
40.295804
36.841443
33.193847
29.448151
25.695523
22.020926
18.501090
15.202753
12.181186
9.479067
7.125709
5.136671
3.513750
2.245356
1.307254
0.663654
0.268614
0.067722
0.000002
0.000002
0.000002
-0.067718
-0.268611
-0.663650
-1.307251
-2.245353
-3.513748
-5.136669
-7.125708
-9.479067
-12.181187
-15.202755
-18.501092
-22.020928
-25.695526
-29.448155
-33.193850
-36.841447
-40.295808
-43.460222
-46.238879
-48.539397
-50.275302
-51.368429
-51.751154
-51.368427
-50.179529
-48.159518
-45.300330
-41.611484
-37.120393
-31.872251
-25.929497
-19.370876
-12.290097
-4.794124
2.998853
10.961744
18.961110
26.859897
34.520273
41.806525
48.587926
54.741525
60.154784
64.727999
68.376461
71.032294
72.645929
73.187185
72.645928
71.032292
68.376458
64.727995
60.154779
54.741520
48.587920
41.806519
34.520267
26.859890
18.961104
10.961738
2.998848
-4.794129
-12.290101
-19.370880
-25.929500
-31.872253
-37.120394
-41.611484
-45.300329
-48.159516
-50.179526
-51.368423
-51.751149
-51.368423
-50.275296
-48.539390
-46.238873
-43.460215
-40.295802
-36.841440
-33.193845
-29.448150
-25.695522
-22.020924
-18.501089
-15.202753
-12.181186
-9.479067
-7.125709
-5.136671
-3.513751
-2.245357
-1.307255
-0.663656
-0.268616
-0.067724
-0.000004
-0.000004
-0.000004
0.067716
0.268609
0.663649
1.307249
2.245352
3.513747
5.136669
7.125708
9.479067
12.181187
15.202755
18.501093
22.020929
25.695528
29.448157
33.193852
36.841449
40.295810
43.460224
46.238881
48.539399
50.275304
51.368430
51.751155
51.368428
50.179530
48.159519
45.300330
41.611484
37.120393
31.872250
25.929496
19.370875
12.290095
4.794122
-2.998855
-10.961746
-18.961113
-26.859899
-34.520275
-41.806527
-48.587928
-54.741527
-60.154785
-64.728000
-68.376462
-71.032295
-72.645930
-73.187185
-72.645928
-71.032292
-68.376457
-64.727994
-60.154778
-54.741518
-48.587918
-41.806517
-34.520265
-26.859888
-18.961102
-10.961736
-2.998846
4.794131
12.290103
19.370881
25.929501
31.872253
37.120394
41.611484
45.300328
48.159516
50.179525
51.368422
51.751148
51.368422
50.275294
48.539388
46.238871
43.460213
40.295800
36.841438
33.193843
29.448148
25.695520
22.020923
18.501088
15.202752
12.181186
9.479067
7.125709
5.136672
3.513752
2.245358
1.307257
0.663657
0.268618
0.067726
0.000006
0.000006
0.000006
-0.067714
-0.268607
-0.663647
-1.307248
-2.245351
-3.513746
-5.136668
-7.125707
-9.479067
-12.181188
-15.202756
-18.501094
-22.020931
-25.695529
-29.448158
-33.193854
-36.841451
-40.295812
-43.460226
-46.238883
-48.539401
-50.275306
-51.368432
-51.751157
-51.368430
-50.179531
-48.159520
-45.300330
-41.611484
-37.120392
-31.872249
-25.929495
-19.370874
-12.290093
-4.794120
2.998857
10.961748
18.961115
26.859901
34.520277
41.806529
48.587930
54.741529
60.154787
64.728001
68.376463
71.032296
72.645930
73.187185
72.645928
71.032291
68.376456
64.727992
60.154776
54.741516
48.587916
41.806515
34.520263
26.859886
18.961100
10.961734
2.998844
-4.794132
-12.290104
-19.370883
-25.929502
-31.872254
-37.120395
-41.611484
-45.300328
-48.159515
-50.179524
-51.368421
-51.751146
-51.368420
-50.275292
-48.539386
-46.238868
-43.460211
-40.295798
-36.841436
-33.193841
-29.448146
-25.695519
-22.020922
-18.501087
-15.202751
-12.181185
-9.479067
-7.125710
-5.136673
-3.513753
-2.245359
-1.307258
-0.663659
-0.268620
-0.067728
-0.000008
-0.000009
-0.000008
0.067712
0.268605
0.663645
1.307246
2.245349
3.513745
5.136667
7.125707
9.479067
12.181188
15.202757
18.501095
22.020932
25.695531
29.448160
33.193856
36.841453
40.295815
43.460228
46.238885
48.539403
50.275308
51.368434
51.751158
51.368431
50.179532
48.159520
45.300331
41.611484
37.120392
31.872249
25.929494
19.370873
12.290092
4.794118
-2.998859
-10.961750
-18.961117
-26.859903
-34.520279
-41.806531
-48.587931
-54.741530
-60.154788
-64.728002
-68.376464
-71.032296
-72.645930
-73.187185
-72.645927
-71.032290
-68.376456
-64.727991
-60.154775
-54.741515
-48.587914
-41.806513
-34.520260
-26.859884
-18.961098
-10.961732
-2.998842
4.794134
12.290106
19.370884
25.929503
31.872254
37.120395
41.611484
45.300328
48.159514
50.179523
51.368420
51.751145
51.368418
50.275291
48.539384
46.238866
43.460209
40.295795
36.841434
33.193839
29.448144
25.695517
22.020921
18.501086
15.202751
12.181185
9.479067
7.125710
5.136673
3.513754
2.245361
1.307260
0.663661
0.268622
0.067730
0.000011
0.000011
0.000011
-0.067710
-0.268603
-0.663643
-1.307245
-2.245348
-3.513744
-5.136667
-7.125707
-9.479067
-12.181188
-15.202757
-18.501096
-22.020933
-25.695532
-29.448162
-33.193858
-36.841455
-40.295817
-43.460230
-46.238887
-48.539405
-50.275310
-51.368435
-51.751160
-51.368432
-50.179533
-48.159521
-45.300331
-41.611484
-37.120392
-31.872248
-25.929493
-19.370871
-12.290090
-4.794117
2.998861
10.961752
18.961119
26.859905
34.520282
41.806533
48.587933
54.741532
60.154790
64.728004
68.376465
71.032297
72.645931
73.187185
72.645927
71.032290
68.376455
64.727990
60.154773
54.741513
48.587912
41.806511
34.520258
26.859882
18.961096
10.961730
2.998840
-4.794136
-12.290107
-19.370885
-25.929504
-31.872255
-37.120395
-41.611484
-45.300327
-48.159514
-50.179522
-51.368418
-51.751143
-51.368416
-50.275289
-48.539382
-46.238864
-43.460207
-40.295793
-36.841432
-33.193837
-29.448143
-25.695516
-22.020919
-18.501085
-15.202750
-12.181185
-9.479067
-7.125710
-5.136674
-3.513755
-2.245362
-1.307261
-0.663662
-0.268624
-0.067733
-0.000013
-0.000013
-0.000013
0.067708
0.268601
0.663642
1.307243
2.245347
3.513743
5.136666
7.125706
9.479067
12.181189
15.202758
18.501097
22.020934
25.695534
29.448164
33.193860
36.841457
40.295819
43.460232
46.238890
48.539407
50.275312
51.368437
51.751162
51.368434
50.179534
48.159521
45.300331
41.611484
37.120391
31.872247
25.929492
19.370870
12.290089
4.794115
-2.998863
-10.961754
-18.961121
-26.859908
-34.520284
-41.806535
-48.587935
-54.741534
-60.154791
-64.728005
-68.376466
-71.032298
-72.645931
-73.187185
-72.645927
-71.032289
-68.376454
-64.727989
-60.154772
-54.741511
-48.587910
-41.806508
-34.520256
-26.859880
-18.961094
-10.961728
-2.998838
4.794138
12.290109
19.370886
25.929505
31.872256
37.120396
41.611484
45.300327
48.159513
50.179521
51.368417
51.751142
51.368415
50.275287
48.539380
46.238862
43.460204
40.295791
36.841430
33.193835
29.448141
25.695514
22.020918
18.501084
15.202749
12.181184
9.479067
7.125711
5.136675
3.513756
2.245363
1.307263
0.663664
0.268626
0.067735
0.000015
0.000015
0.000015
-0.067706
-0.268599
-0.663640
-1.307242
-2.245346
-3.513742
-5.136665
-7.125706
-9.479067
-12.181189
-15.202759
-18.501098
-22.020936
-25.695535
-29.448165
-33.193862
-36.841459
-40.295821
-43.460234
-46.238892
-48.539409
-50.275313
-51.368439
-51.751163
-51.368435
-50.179535
-48.159522
-45.300332
-41.611484
-37.120391
-31.872247
-25.929491
-19.370869
-12.290087
-4.794113
2.998865
10.961756
18.961123
26.859910
34.520286
41.806537
48.587937
54.741536
60.154793
64.728006
68.376467
71.032298
72.645931
73.187185
72.645926
71.032288
68.376453
64.727987
60.154770
54.741510
48.587909
41.806506
34.520254
26.859878
18.961091
10.961726
2.998836
-4.794139
-12.290110
-19.370888
-25.929506
-31.872256
-37.120396
-41.611484
-45.300327
-48.159512
-50.179520
-51.368416
-51.751140
-51.368413
-50.275285
-48.539378
-46.238860
-43.460202
-40.295789
-36.841428
-33.193833
-29.448139
-25.695513
-22.020917
-18.501084
-15.202749
-12.181184
-9.479067
-7.125711
-5.136675
-3.513757
-2.245364
-1.307264
-0.663666
-0.268628
-0.067737
-0.000017
-0.000017
-0.000017
0.067704
0.268597
0.663638
1.307240
2.245344
3.513741
5.136665
7.125706
9.479067
12.181189
15.202759
18.501099
22.020937
25.695537
29.448167
33.193864
36.841461
40.295823
43.460237
46.238894
48.539411
50.275315
51.368441
51.751165
51.368436
50.179536
48.159523
45.300332
41.611484
37.120391
31.872246
25.929490
19.370868
12.290086
4.794112
-2.998867
-10.961758
-18.961125
-26.859912
-34.520288
-41.806539
-48.587939
-54.741537
-60.154794
-64.728007
-68.376468
-71.032299
-72.645932
-73.187185
-72.645926
-71.032288
-68.376452
-64.727986
-60.154769
-54.741508
-48.587907
-41.806504
-34.520252
-26.859875
-18.961089
-10.961724
-2.998834
4.794141
12.290112
19.370889
25.929507
31.872257
37.120396
41.611484
45.300326
48.159512
50.179519
51.368415
51.751139
51.368411
50.275283
48.539376
46.238858
43.460200
40.295787
36.841426
33.193831
29.448138
25.695511
22.020915
18.501083
15.202748
12.181184
9.479067
7.125711
5.136676
3.513758
2.245366
1.307266
0.663668
0.268630
0.067739
0.000019
0.000019
0.000019
-0.067702
-0.268595
-0.663637
-1.307239
-2.245343
-3.513740
-5.136664
-7.125705
-9.479067
-12.181190
-15.202760
-18.501100
-22.020938
-25.695539
-29.448169
-33.193866
-36.841463
-40.295825
-43.460239
-46.238896
-48.539413
-50.275317
-51.368442
-51.751166
-51.368437
-50.179537
-48.159523
-45.300332
-41.611484
-37.120390
-31.872245
-25.929489
-19.370866
-12.290084
-4.794110
2.998869
10.961760
18.961127
26.859914
34.520290
41.806541
48.587941
54.741539
60.154796
64.728009
68.376469
71.032300
72.645932
73.187185
72.645926
71.032287
68.376451
64.727985
60.154767
54.741506
48.587905
41.806502
34.520250
26.859873
18.961087
10.961722
2.998832
-4.794143
-12.290113
-19.370890
-25.929508
-31.872258
-37.120397
-41.611484
-45.300326
-48.159511
-50.179518
-51.368413
-51.751137
-51.368410
-50.275281
-48.539374
-46.238856
-43.460198
-40.295785
-36.841424
-33.193829
-29.448136
-25.695510
-22.020914
-18.501082
-15.202747
-12.181183
-9.479067
-7.125712
-5.136677
-3.513759
-2.245367
-1.307267
-0.663669
-0.268632
-0.067741
-0.000021
-0.000021
-0.000021
0.067700
0.268593
0.663635
1.307237
2.245342
3.513739
5.136663
7.125705
9.479067
12.181190
15.202761
18.501101
22.020939
25.695540
29.448170
33.193868
36.841465
40.295827
43.460241
46.238898
48.539415
50.275319
51.368444
51.751168
51.165712
49.675428
47.362798
44.326995
40.681065
36.548807
32.061418
27.354005
22.562039
17.817843
13.247211
8.966227
5.078378
1.672018
-1.181734
-3.430639
-5.042461
-6.005556
-6.328909
-6.041627
-5.191886
-3.845385
-2.083329
-0.000003
2.300001
4.704830
7.098620
9.364846
11.389707
13.065439
14.293483
14.987428
15.075625
14.503443
13.235079
11.254880
8.568150
5.201398
1.202044
-3.362441
-8.405913
-13.825450
-19.503694
-25.311601
-31.111517
-36.760525
-42.113965
-47.029043
-51.368446
-55.003865
-57.819350
-59.714396
-60.606693
-60.434475
-59.158387
-56.762848
-53.256844
-48.674159
-43.073004
-36.535071
-29.164016
-21.083423
-12.434269
-3.371969
5.936938
15.318389
24.594595
33.587940
42.124913
50.039950
57.179114
63.403520
68.592434
72.645949
75.487207
77.064075
77.350285
76.345958
74.077544
70.597152
65.981303
60.329122
53.760031
46.410985
38.433315
29.989266
21.248312
12.383311
3.566637
-5.033661
-13.257565
-20.956562
-27.996829
-34.262026
-39.655664
-44.102957
-47.552157
-49.975309
-51.368442
-51.751166
-51.165710
-49.675427
-47.362798
-44.326995
-40.681065
-36.548808
-32.061419
-27.354006
-22.562040
-17.817845
-13.247213
-8.966229
-5.078380
-1.672020
1.181732
3.430637
5.042459
6.005554
6.328908
6.041626
5.191885
3.845384
2.083328
0.000003
-2.300001
-4.704830
-7.098620
-9.364845
-11.389705
-13.065437
-14.293482
-14.987426
-15.075623
-14.503440
-13.235076
-11.254878
-8.568148
-5.201396
-1.202042
3.362442
8.405914
13.825450
19.503695
25.311601
31.111517
36.760525
42.113964
47.029042
51.368444
55.003863
57.819348
59.714394
60.606691
60.434472
59.158385
56.762846
53.256842
48.674157
43.073003
36.535069
29.164015
21.083422
12.434268
3.371969
-5.936938
-15.318389
-24.594594
-33.587939
-42.124912
-50.039949
-57.179112
-63.403518
-68.592432
-72.645947
-75.487205
-77.064073
-77.350283
-76.345956
-74.077542
-70.597151
-65.981302
-60.329121
-53.760031
-46.410984
-38.433315
-29.989267
-21.248313
-12.383312
-3.566638
5.033660
13.257563
20.956560
27.996827
34.262024
39.655662
44.102955
47.552154
49.975307
51.368441
51.751165
51.165709
49.675426
47.362797
44.326995
40.681065
36.548808
32.061419
27.354007
22.562041
17.817846
13.247215
8.966231
5.078382
1.672022
-1.181730
-3.430635
-5.042457
-6.005553
-6.328906
-6.041624
-5.191884
-3.845383
-2.083328
-0.000003
2.300001
4.704830
7.098619
9.364844
11.389704
13.065435
14.293480
14.987424
15.075621
14.503438
13.235074
11.254876
8.568146
5.201395
1.202040
-3.362444
-8.405915
-13.825451
-19.503695
-25.311601
-31.111517
-36.760525
-42.113963
-47.029042
-51.368443
-55.003862
-57.819346
-59.714392
-60.606689
-60.434470
-59.158383
-56.762843
-53.256840
-48.674155
-43.073001
-36.535068
-29.164014
-21.083421
-12.434268
-3.371968
5.936938
15.318389
24.594593
33.587938
42.124910
50.039947
57.179110
63.403516
68.592430
72.645945
75.487203
77.064071
77.350281
76.345954
74.077540
70.597149
65.981301
60.329120
53.760030
46.410984
38.433315
29.989267
21.248313
12.383313
3.566640
-5.033658
-13.257561
-20.956558
-27.996825
-34.262022
-39.655660
-44.102953
-47.552152
-49.975306
-51.368439
-51.751163
-51.165708
-49.675426
-47.362796
-44.326994
-40.681065
-36.548808
-32.061420
-27.354008
-22.562043
-17.817848
-13.247217
-8.966233
-5.078384
-1.672024
1.181728
3.430633
5.042455
6.005551
6.328904
6.041623
5.191883
3.845382
2.083327
0.000002
-2.300001
-4.704829
-7.098618
-9.364843
-11.389703
-13.065434
-14.293478
-14.987422
-15.075619
-14.503436
-13.235072
-11.254874
-8.568144
-5.201393
-1.202039
3.362445
8.405917
13.825452
19.503696
25.311602
31.111517
36.760524
42.113963
47.029041
51.368442
55.003860
57.819345
59.714390
60.606687
60.434468
59.158381
56.762841
53.256838
48.674153
43.072999
36.535066
29.164013
21.083420
12.434267
3.371968
-5.936938
-15.318388
-24.594593
-33.587937
-42.124909
-50.039946
-57.179109
-63.403514
-68.592428
-72.645943
-75.487201
-77.064069
-77.350279
-76.345952
-74.077538
-70.597148
-65.981300
-60.329119
-53.760029
-46.410984
-38.433315
-29.989267
-21.248314
-12.383314
-3.566641
5.033657
13.257559
20.956556
27.996823
34.262020
39.655658
44.102951
47.552150
49.975304
51.368437
51.751162
51.165707
49.675425
47.362796
44.326994
40.681065
36.548809
32.061421
27.354009
22.562044
17.817849
13.247218
8.966235
5.078386
1.672026
-1.181726
-3.430631
-5.042453
-6.005549
-6.328902
-6.041621
-5.191881
-3.845381
-2.083326
-0.000002
2.300001
4.704829
7.098618
9.364842
11.389702
13.065432
14.293477
14.987420
15.075617
14.503434
13.235070
11.254872
8.568142
5.201391
1.202037
-3.362447
-8.405918
-13.825453
-19.503697
-25.311602
-31.111517
-36.760524
-42.113962
-47.029040
-51.368441
-55.003859
-57.819343
-59.714389
-60.606685
-60.434466
-59.158379
-56.762839
-53.256836
-48.674151
-43.072997
-36.535065
-29.164011
-21.083419
-12.434266
-3.371968
5.936938
15.318388
24.594592
33.587936
42.124908
50.039944
57.179107
63.403512
68.592425
72.645941
75.487199
77.064067
77.350277
76.345950
74.077537
70.597146
65.981298
60.329118
53.760029
46.410983
38.433315
29.989268
21.248315
12.383315
3.566642
-5.033655
-13.257558
-20.956554
-27.996821
-34.262018
-39.655656
-44.102949
-47.552148
-49.975302
-51.368435
-51.751160
-51.165705
-49.675424
-47.362795
-44.326994
-40.681065
-36.548809
-32.061421
-27.354010
-22.562045
-17.817851
-13.247220
-8.966237
-5.078388
-1.672028
1.181723
3.430629
5.042451
6.005547
6.328901
6.041619
5.191880
3.845380
2.083326
0.000002
-2.300001
-4.704829
-7.098617
-9.364841
-11.389700
-13.065431
-14.293475
-14.987418
-15.075615
-14.503432
-13.235068
-11.254870
-8.568140
-5.201389
-1.202035
3.362448
8.405919
13.825454
19.503697
25.311602
31.111517
36.760524
42.113961
47.029039
51.368439
55.003857
57.819341
59.714387
60.606683
60.434464
59.158377
56.762837
53.256834
48.674150
43.072996
36.535063
29.164010
21.083418
12.434266
3.371967
-5.936938
-15.318388
-24.594591
-33.587935
-42.124907
-50.039943
-57.179105
-63.403510
-68.592423
-72.645939
-75.487196
-77.064065
-77.350275
-76.345948
-74.077535
-70.597145
-65.981297
-60.329117
-53.760028
-46.410983
-38.433315
-29.989268
-21.248315
-12.383315
-3.566643
5.033654
13.257556
20.956553
27.996819
34.262016
39.655653
44.102946
47.552146
49.975300
51.368434
51.751158
51.165704
49.675423
47.362795
44.326993
40.681065
36.548809
32.061422
27.354011
22.562046
17.817852
13.247222
8.966239
5.078390
1.672031
-1.181721
-3.430627
-5.042449
-6.005545
-6.328899
-6.041618
-5.191879
-3.845380
-2.083325
-0.000001
2.300001
4.704828
7.098617
9.364840
11.389699
13.065429
14.293473
14.987416
15.075613
14.503430
13.235066
11.254867
8.568138
5.201387
1.202033
-3.362450
-8.405920
-13.825455
-19.503698
-25.311603
-31.111517
-36.760523
-42.113961
-47.029038
-51.368438
-55.003856
-57.819340
-59.714385
-60.606681
-60.434462
-59.158375
-56.762835
-53.256832
-48.674148
-43.072994
-36.535062
-29.164009
-21.083418
-12.434265
-3.371967
5.936938
15.318387
24.594591
33.587934
42.124905
50.039941
57.179103
63.403508
68.592421
72.645937
75.487194
77.064062
77.350273
76.345946
74.077533
70.597143
65.981296
60.329116
53.760027
46.410983
38.433315
29.989268
21.248316
12.383316
3.566645
-5.033652
-13.257554
-20.956551
-27.996817
-34.262014
-39.655651
-44.102944
-47.552144
-49.975298
-51.368432
-51.751157
-51.165703
-49.675422
-47.362794
-44.326993
-40.681065
-36.548810
-32.061423
-27.354012
-22.562048
-17.817854
-13.247224
-8.966241
-5.078392
-1.672033
1.181719
3.430625
5.042447
6.005543
6.328897
6.041616
5.191878
3.845379
2.083324
0.000001
-2.300001
-4.704828
-7.098616
-9.364839
-11.389698
-13.065428
-14.293471
-14.987414
-15.075611
-14.503428
-13.235064
-11.254865
-8.568136
-5.201385
-1.202032
3.362451
8.405922
13.825456
19.503699
25.311603
31.111517
36.760523
42.113960
47.029037
51.368437
55.003854
57.819338
59.714383
60.606679
60.434460
59.158372
56.762833
53.256830
48.674146
43.072992
36.535060
29.164008
21.083417
12.434264
3.371967
-5.936938
-15.318387
-24.594590
-33.587933
-42.124904
-50.039940
-57.179102
-63.403506
-68.592419
-72.645934
-75.487192
-77.064060
-77.350270
-76.345944
-74.077532
-70.597142
-65.981295
-60.329115
-53.760027
-46.410982
-38.433315
-29.989269
-21.248317
-12.383317
-3.566646
5.033651
13.257552
20.956549
27.996815
34.262011
39.655649
44.102942
47.552142
49.975296
51.368430
51.751155
51.165702
49.675421
47.362793
44.326993
40.681065
36.548810
32.061423
27.354013
22.562049
17.817855
13.247225
8.966242
5.078394
1.672035
-1.181717
-3.430622
-5.042445
-6.005541
-6.328895
-6.041615
-5.191876
-3.845378
-2.083324
-0.000001
2.300001
4.704828
7.098615
9.364838
11.389697
13.065426
14.293470
14.987412
15.075609
14.503426
13.235061
11.254863
8.568134
5.201383
1.202030
-3.362453
-8.405923
-13.825457
-19.503699
-25.311603
-31.111517
-36.760523
-42.113959
-47.029036
-51.368436
-55.003853
-57.819336
-59.714381
-60.606677
-60.434458
-59.158370
-56.762831
-53.256828
-48.674144
-43.072990
-36.535059
-29.164006
-21.083416
-12.434264
-3.371966
5.936938
15.318387
24.594589
33.587932
42.124903
50.039938
57.179100
63.403504
68.592417
72.645932
75.487190
77.064058
77.350268
76.345943
74.077530
70.597140
65.981293
60.329114
53.760026
46.410982
38.433315
29.989269
21.248317
12.383318
3.566647
-5.033649
-13.257551
-20.956547
-27.996813
-34.262009
-39.655647
-44.102940
-47.552140
-49.975294
-51.368429
-51.751154
-51.165700
-49.675420
-47.362793
-44.326992
-40.681065
-36.548810
-32.061424
-27.354014
-22.562050
-17.817857
-13.247227
-8.966244
-5.078396
-1.672037
1.181715
3.430620
5.042443
6.005539
6.328894
6.041613
5.191875
3.845377
2.083323
0.000000
-2.300001
-4.704827
-7.098615
-9.364837
-11.389695
-13.065425
-14.293468
-14.987410
-15.075607
-14.503423
-13.235059
-11.254861
-8.568132
-5.201381
-1.202028
3.362454
8.405924
13.825458
19.503700
25.311604
31.111517
36.760522
42.113959
47.029035
51.368434
55.003851
57.819334
59.714379
60.606675
60.434456
59.158368
56.762829
53.256826
48.674142
43.072989
36.535057
29.164005
21.083415
12.434263
3.371966
-5.936938
-15.318386
-24.594589
-33.587931
-42.124902
-50.039937
-57.179098
-63.403503
-68.592415
-72.645930
-75.487188
-77.064056
-77.350266
-76.345941
-74.077528
-70.597139
-65.981292
-60.329113
-53.760025
-46.410982
-38.433315
-29.989269
-21.248318
-12.383319
-3.566648
5.033648
13.257549
20.956545
27.996811
34.262007
39.655645
44.102938
47.552138
49.975292
51.368427
51.751152
51.165699
49.675419
47.362792
44.326992
40.681065
36.548811
32.061425
27.354015
22.562051
17.817858
13.247229
8.966246
5.078398
1.672039
-1.181713
-3.430618
-5.042441
-6.005537
-6.328892
-6.041612
-5.191874
-3.845376
-2.083322
