503.070898
506.767174
518.033753
537.429705
565.979902
605.337922
658.079592
728.215198
822.149393
950.530049
1132.215362
1403.693699
1845.364530
2674.714845
4750.736785
18486.506214
10794.740942
4416.798614
2914.985763
2286.911892
1990.353800
1884.517246
1947.574132
2255.574317
3163.890801
7508.831067
10321.661107
2775.670189
1559.236432
1079.545738
829.599376
678.904126
579.166966
508.625415
456.160933
415.569094
383.149795
356.577602
334.326725
315.359678
298.947699
284.565870
271.826303
260.436353
250.171269
240.855531
232.349884
224.541225
217.339335
210.669153
204.465806
198.678751
193.262916
188.180359
183.398250
178.887971
174.625649
170.588921
166.759177
163.119241
159.654559
156.351598
153.198528
150.184769
147.300468
144.536774
141.886054
139.340929
136.894797
134.541764
132.276197
130.093011
127.987789
125.955935
123.993463
122.096841
120.262652
118.487720
116.768773
115.103469
113.489515
111.923863
110.404561
108.929248
107.496262
106.103723
104.749786
103.432742
102.151360
100.903729
99.688974
98.505165
97.351785
96.227255
95.130472
94.060569
93.016406
91.996858
91.001658
90.029398
89.079384
88.150769
87.242766
86.355619
85.487424
84.637901
83.806659
82.992934
82.196093
81.415972
80.651591
79.902871
79.168620
78.449411
77.744897
77.053673
76.375419
75.710273
75.057846
74.417471
73.789026
73.172074
72.566450
71.971630
71.387542
70.813665
70.250063
69.696153
69.151961
68.616867
68.090918
67.573838
67.065456
66.565475
66.073630
65.589823
65.113940
64.645756
64.184818
63.731287
63.284884
62.845339
62.412709
61.986695
61.567296
61.154358
60.746970
60.346001
59.951219
59.562039
59.178604
58.800626
58.428145
58.061089
57.699558
57.342494
56.990713
56.643864
56.301853
55.964612
55.631728
55.303630
54.979919
54.660672
54.345498
54.034607
53.727948
53.425120
53.126367
52.831367
52.540389
52.252976
51.969318
51.689259
51.412728
51.139701
50.870112
50.604066
50.340770
50.081118
49.824499
49.570930
49.320683
49.073339
48.828922
48.587490
48.348883
48.113166
47.880150
47.649777
47.422387
47.197332
46.975112
46.755439
46.538065
46.323361
46.110924
45.900958
45.693495
45.488135
45.285312
45.084610
44.886066
44.689805
44.495712
44.303638
44.113696
43.926508
43.740225
43.556312
43.374367
43.194416
43.016451
42.840337
42.666130
42.493665
42.323078
42.154043
41.987210
41.821643
41.658081
41.496152
41.335763
41.177168
41.020062
40.864477
40.710746
40.558335
40.407564
40.258230
40.109860
39.964343
39.819253
39.675990
39.533984
39.393234
39.254080
39.116094
38.979578
38.844243
38.710596
38.577875
38.446701
38.316494
38.187721
38.060197
37.933725
37.808636
37.684750
37.561827
37.440350
37.319847
37.200423
37.082184
36.965121
36.849089
36.734083
36.620270
36.507359
36.395603
36.284863
36.175098
36.066535
35.958683
35.851963
35.746259
35.641611
35.537612
35.434786
35.332838
35.231768
35.130643
35.032464
34.934186
34.836851
34.740182
34.644402
34.549592
34.455577
34.362588
34.270302
34.178722
34.088708
33.998156
33.909170
33.820806
33.733393
33.646742
33.560740
33.475546
33.391071
33.307318
33.224444
33.142218
33.060617
32.979856
32.899819
32.820494
32.741773
32.663845
32.586427
32.509847
32.433772
32.358455
32.283971
32.210148
32.136536
32.063813
31.991815
31.920311
31.849427
31.779388
31.709770
31.640544
31.572270
31.504589
31.437337
31.370669
31.304594
31.239170
31.174346
31.110158
31.046309
30.983040
30.920435
30.858272
30.796889
30.735623
30.675235
30.615161
30.555914
30.496954
30.438467
30.380613
30.323293
30.266242
30.209963
30.153745
30.098741
30.043791
29.989439
29.935517
29.882000
29.828890
29.776661
29.724622
29.673036
29.621860
29.571170
29.521030
29.471250
29.421995
29.373124
29.324729
29.276674
29.229113
29.182060
29.135321
29.088894
29.043258
28.997826
28.952788
28.908237
28.864125
28.820376
28.776998
28.734098
28.691589
28.648995
28.607325
28.566167
28.525312
28.484731
28.444436
28.404656
28.365228
28.326068
28.287355
28.249093
28.211199
28.173621
28.136483
28.099537
28.062984
28.026985
27.991128
27.955765
27.920847
27.886191
27.851762
27.817812
27.784241
27.750785
27.717952
27.685272
27.653006
27.621122
27.589391
27.558157
27.527687
27.496652
27.466553
27.436372
27.406776
27.377556
27.348507
27.319813
27.291509
27.263552
27.235783
27.208469
27.181293
27.154631
27.128023
27.102005
27.076199
27.050550
27.025375
27.000484
26.975837
26.951493
26.927429
26.903531
26.880168
26.857129
26.834312
26.811808
26.789565
26.767572
26.745930
26.724512
26.703276
26.682587
26.662744
26.641710
26.621884
26.602244
26.582813
26.563674
26.544790
26.526228
26.508128
26.490018
26.472242
26.454848
26.437737
26.420705
26.404018
26.387728
26.371568
26.355900
26.340239
26.324973
26.309998
26.295112
26.280730
26.266453
26.252539
26.238883
26.225355
26.212181
26.199238
26.186660
26.174100
26.162208
26.150290
26.138743
26.127261
26.116084
26.105353
26.094859
26.084399
26.074310
26.064626
26.055199
26.045678
26.036690
26.027848
26.019388
26.011077
26.003012
25.995201
25.987663
25.980329
25.973325
25.966590
25.959757
25.953845
25.947813
25.941777
25.936409
25.930933
25.926015
25.921330
25.916659
25.911750
25.908876
25.904613
25.901037
25.897474
25.894522
25.891753
25.889173
25.886720
25.884813
25.882881
25.881189
25.879961
25.878736
25.877906
25.877352
25.876984
25.876861
25.876968
25.877352
25.877937
25.878675
25.879900
25.881131
25.882756
25.884720
25.886624
25.889048
25.891751
25.894457
25.897593
25.900791
25.904590
25.908400
25.912228
25.916777
25.921206
25.925952
25.931064
25.936362
25.941789
25.947697
25.953863
25.960166
25.966452
25.973375
25.980384
25.987633
25.995060
26.003012
26.011064
26.019435
26.027947
26.036709
26.045749
26.055061
26.064657
26.074328
26.084555
26.094866
26.105364
26.116109
26.127170
26.138686
26.150388
26.162217
26.174662
26.186636
26.199335
26.212210
26.225374
26.238901
26.252556
26.266457
26.280707
26.295132
26.309963
26.324978
26.340222
26.355822
26.371665
26.387742
26.404061
26.420676
26.437745
26.454821
26.472244
26.489989
26.507998
26.526208
26.544813
26.563709
26.582877
26.602215
26.621868
26.641801
26.661797
26.682653
26.703168
26.724496
26.745918
26.767562
26.789567
26.811790
26.834243
26.857131
26.880205
26.903784
26.927461
26.951493
26.975819
27.000448
27.025382
27.050555
27.076195
27.102017
27.128060
27.154640
27.181331
27.208375
27.235764
27.263489
27.291492
27.319852
27.348524
27.377518
27.406793
27.436372
27.466232
27.496445
27.527287
27.558210
27.589453
27.621185
27.653007
27.685262
27.717866
27.750802
27.784255
27.817857
27.851761
27.886183
27.920822
27.955813
27.991256
28.026983
28.063111
28.099546
28.136528
28.173623
28.211239
28.249009
28.287363
28.326078
28.365229
28.404592
28.444425
28.484663
28.525208
28.566028
28.607905
28.649258
28.691466
28.734173
28.776973
28.820423
28.864137
28.908207
28.952779
28.997887
29.043278
29.089156
29.135353
29.182028
29.229109
29.276699
29.324668
29.373133
29.422006
29.471235
29.521012
29.571187
29.621820
29.672823
29.724541
29.776649
29.829070
29.882019
29.935509
29.989429
30.043787
30.098763
30.154083
30.210054
30.266563
30.323182
30.380590
30.438473
30.496932
30.555883
30.615221
30.675251
30.735600
30.796805
30.858295
30.920431
30.983059
31.046275
31.110169
31.174351
31.239163
31.304560
31.370666
31.437334
31.504586
31.572305
31.640584
31.709780
31.779512
31.849369
31.920319
31.991794
32.063838
32.136527
32.210019
32.283891
32.358515
32.433827
32.509837
32.586491
32.663912
32.741724
32.820423
32.899891
32.979834
33.060720
33.142189
33.224469
33.307362
33.391087
33.475406
33.560718
33.646844
33.733347
33.820775
33.909197
33.998147
34.087620
34.178978
34.270254
34.362565
34.455586
34.549585
34.644480
34.740033
34.836753
34.934209
35.032320
35.131873
35.231971
35.332917
35.434844
35.537676
35.641492
35.746256
35.852008
35.958717
36.066480
36.175086
36.284900
36.395650
36.507365
36.620250
36.734086
36.848865
36.965106
37.082135
37.200392
37.319828
37.440284
37.561870
37.684708
37.808681
37.933783
38.060114
38.187681
38.316470
38.446525
38.577093
38.710492
38.844448
38.979769
39.116133
39.254015
39.393194
39.533899
39.675893
39.819364
39.964172
40.110620
40.258409
40.407588
40.558372
40.710757
40.864576
41.020098
41.177235
41.335745
41.496158
41.658061
41.821608
41.987009
42.154055
42.323087
42.493627
42.666168
42.840314
43.016465
43.194405
43.374384
43.556181
43.740201
43.926374
44.113847
44.303662
44.495726
44.689785
44.886183
45.084534
45.285356
45.488221
45.693351
45.901033
46.110955
46.323369
46.538094
46.755436
46.975112
47.197298
47.422374
47.649792
47.880155
48.113158
48.348858
48.587490
48.828892
49.073416
49.320693
49.570942
49.824499
50.080994
50.340678
50.603552
50.870155
51.139649
51.412718
51.689276
51.969318
52.252995
52.540242
52.831371
53.126374
53.425081
53.727880
54.034605
54.345538
54.660638
54.979895
55.303597
55.631741
55.964466
56.301806
56.643853
56.990662
57.342405
57.698742
58.061018
58.428181
58.800859
59.178540
59.562066
59.951146
60.346032
60.747032
61.153933
61.567037
61.986516
62.412847
62.845413
63.284880
63.731289
64.184895
64.645669
65.113970
65.589827
66.073745
66.565467
67.065478
67.573867
68.090925
68.616799
69.151971
69.696083
70.250042
70.813645
71.387504
71.971613
72.566443
73.172047
73.789029
74.417471
75.057784
75.710286
76.375428
77.053464
77.744797
78.450176
79.169067
79.903201
80.651719
81.415936
82.196075
82.992926
83.806648
84.637794
85.487449
86.355532
87.242887
88.150924
89.079415
90.029373
91.001663
91.996890
93.016411
94.060652
95.130420
96.227250
97.351735
98.505200
99.688822
100.903671
102.151355
103.432812
104.749725
106.103714
107.496257
108.929190
110.404423
111.923667
113.489472
115.104313
116.768961
118.487770
120.262725
122.096837
123.993495
125.955865
127.987804
130.093063
132.276300
134.541801
136.894840
139.340943
141.886054
144.537003
147.300468
150.184704
153.198496
156.351642
159.654479
163.119145
166.759083
170.588938
174.625610
178.888119
183.398324
188.180401
193.262936
198.678633
204.465595
210.668198
217.339147
224.541321
232.349666
240.855596
250.171363
260.436248
271.826174
284.565884
298.947777
315.359690
334.326807
356.577645
383.149856
415.569075
456.160950
508.625722
579.166912
678.904103
829.598962
1079.545854
1559.236512
2775.670189
10321.661107
7508.831334
3163.890959
2255.575425
1947.574196
1884.517312
1990.353863
2286.912329
2914.986621
4416.800878
10794.742424
18486.504483
4750.737206
2674.714658
1845.364734
1403.693654
1132.215527
950.529195
822.149393
728.216400
658.079331
605.337664
565.979930
537.429676
518.033360
506.766758
