61.249649
61.442396
62.029469
63.038437
64.519275
66.551536
69.257065
72.822454
77.541128
83.894258
92.724195
105.645935
126.195691
163.904019
256.360555
859.259165
420.600018
140.308428
75.242719
52.781717
51.151172
62.610118
84.952296
124.701182
212.139897
585.087814
898.907462
261.094466
153.949261
109.359999
84.751259
69.071560
58.167892
50.126033
43.939368
39.026784
35.028722
31.710375
28.911655
26.519479
24.451708
22.647011
21.058780
19.650774
18.394549
17.267325
16.250683
15.329560
14.491494
13.726055
13.024647
12.379759
11.785152
11.235399
10.725837
10.252427
9.811656
9.400414
9.016004
8.656015
8.318319
8.001023
7.702461
7.421110
7.155643
6.904798
6.667508
6.442765
6.229653
6.027378
5.835171
5.652366
5.478343
5.312520
5.154379
5.003428
4.859231
4.721402
4.589508
4.463237
4.342271
4.226290
4.115039
4.008247
3.905666
3.807086
3.712274
3.621065
3.533258
3.448681
3.367196
3.288603
3.212808
3.139655
3.069039
3.000820
2.934911
2.871175
2.809594
2.749957
2.692252
2.636384
2.582293
2.529826
2.479002
2.429715
2.381942
2.335583
2.290530
2.246841
2.204412
2.163195
2.123156
2.084191
2.046334
2.009508
1.973697
1.938847
1.904942
1.871894
1.839743
1.808408
1.777895
1.748154
1.719166
1.690901
1.663333
1.636457
1.610231
1.584635
1.559657
1.535278
1.511470
1.488222
1.465510
1.443326
1.421650
1.400472
1.379780
1.359500
1.339707
1.320349
1.301409
1.282900
1.264759
1.247010
1.229644
1.212651
1.196019
1.179680
1.163732
1.148093
1.132774
1.117768
1.103084
1.088652
1.074516
1.060657
1.047080
1.033779
1.020702
1.007884
0.995315
0.982985
0.970880
0.959003
0.947366
0.935909
0.924678
0.913650
0.902824
0.892189
0.881748
0.871486
0.861412
0.851510
0.841790
0.832223
0.822840
0.813604
0.804527
0.795608
0.786835
0.778219
0.769731
0.761394
0.753194
0.745130
0.737190
0.729377
0.721711
0.714148
0.706716
0.699393
0.692191
0.685099
0.678119
0.671253
0.664491
0.657820
0.651265
0.644806
0.638447
0.632180
0.626015
0.619936
0.613951
0.608045
0.602241
0.596515
0.590868
0.585305
0.579825
0.574421
0.569107
0.563845
0.558679
0.553578
0.548549
0.543581
0.538662
0.533894
0.529127
0.524444
0.519815
0.515251
0.510743
0.506311
0.501932
0.497605
0.493344
0.489140
0.484997
0.480904
0.476858
0.472869
0.468932
0.465045
0.461214
0.457429
0.453687
0.449961
0.446352
0.442748
0.439199
0.435692
0.432240
0.428810
0.425439
0.422105
0.418812
0.415564
0.412344
0.409173
0.406037
0.402942
0.399883
0.396852
0.393873
0.390920
0.388009
0.385144
0.382284
0.379471
0.376688
0.373942
0.371226
0.368546
0.365889
0.363273
0.360677
0.358106
0.355592
0.353085
0.350613
0.348165
0.345748
0.343354
0.341001
0.338660
0.336351
0.334050
0.331832
0.329571
0.327358
0.325176
0.323019
0.320884
0.318766
0.316674
0.314609
0.312561
0.310546
0.308546
0.306549
0.304607
0.302669
0.300756
0.298859
0.296983
0.295128
0.293293
0.291514
0.289680
0.287908
0.286133
0.284403
0.282687
0.280983
0.279300
0.277636
0.275993
0.274360
0.272721
0.271125
0.269549
0.267984
0.266432
0.264895
0.263377
0.261878
0.260386
0.258909
0.257479
0.256030
0.254598
0.253188
0.251796
0.250412
0.249038
0.247690
0.246344
0.245020
0.243691
0.242398
0.241114
0.239838
0.238575
0.237328
0.236089
0.234871
0.233658
0.232460
0.231272
0.230104
0.228935
0.227793
0.226652
0.225522
0.224405
0.223304
0.222208
0.221125
0.220038
0.219006
0.217947
0.216909
0.215879
0.214854
0.213866
0.212858
0.211871
0.210898
0.209946
0.208938
0.208007
0.207072
0.206158
0.205234
0.204318
0.203409
0.202527
0.201646
0.200772
0.199919
0.199059
0.198214
0.197375
0.196548
0.195732
0.194920
0.194115
0.193319
0.192537
0.191780
0.190988
0.190232
0.189482
0.188740
0.188000
0.187276
0.186550
0.185844
0.185134
0.184441
0.183757
0.183070
0.182398
0.181730
0.181061
0.180419
0.179780
0.179135
0.178513
0.177899
0.177256
0.176654
0.176060
0.175468
0.174882
0.174296
0.173729
0.173160
0.172602
0.172045
0.171510
0.170966
0.170438
0.169908
0.169388
0.168875
0.168372
0.167868
0.167379
0.166888
0.166409
0.165937
0.165465
0.165003
0.164547
0.164097
0.163655
0.163213
0.162776
0.162357
0.161927
0.161535
0.161124
0.160724
0.160332
0.159938
0.159556
0.159187
0.158810
0.158449
0.158085
0.157722
0.157380
0.157039
0.156703
0.156372
0.156051
0.155730
0.155417
0.155104
0.154818
0.154471
0.154197
0.153925
0.153647
0.153371
0.153102
0.152841
0.152595
0.152324
0.152074
0.151838
0.151605
0.151370
0.151143
0.150925
0.150715
0.150501
0.150294
0.150104
0.149911
0.149737
0.149524
0.149348
0.149176
0.149008
0.148852
0.148685
0.148543
0.148396
0.148249
0.148034
0.148004
0.147860
0.147747
0.147632
0.147516
0.147409
0.147306
0.147216
0.147127
0.147035
0.146974
0.146906
0.146824
0.146751
0.146699
0.146644
0.146599
0.146552
0.146504
0.146477
0.146475
0.146434
0.146411
0.146402
0.146394
0.146391
0.146392
0.146402
0.146411
0.146434
0.146482
0.146469
0.146516
0.146549
0.146596
0.146652
0.146699
0.146755
0.146809
0.146900
0.146978
0.147050
0.147116
0.147208
0.147305
0.147407
0.147509
0.147622
0.147745
0.147856
0.147980
0.148091
0.148254
0.148395
0.148541
0.148692
0.148854
0.149010
0.149173
0.149349
0.149525
0.149736
0.149909
0.150099
0.150294
0.150498
0.150706
0.150929
0.151147
0.151371
0.151603
0.151838
0.152079
0.152323
0.152585
0.152839
0.153100
0.153370
0.153644
0.153928
0.154199
0.154470
0.154817
0.155113
0.155414
0.155729
0.156050
0.156372
0.156706
0.157039
0.157384
0.157723
0.158085
0.158448
0.158808
0.159173
0.159556
0.159941
0.160331
0.160722
0.161125
0.161534
0.161928
0.162358
0.162800
0.163212
0.163666
0.164095
0.164544
0.165002
0.165465
0.165934
0.166407
0.166892
0.167383
0.167874
0.168374
0.168875
0.169388
0.169910
0.170427
0.170966
0.171512
0.172043
0.172601
0.173161
0.173727
0.174291
0.174890
0.175471
0.176063
0.176660
0.177259
0.177898
0.178515
0.179144
0.179785
0.180418
0.181056
0.181726
0.182400
0.183069
0.183753
0.184441
0.185139
0.185845
0.186561
0.187270
0.188002
0.188738
0.189481
0.190237
0.190994
0.191780
0.192539
0.193322
0.194117
0.194920
0.195728
0.196546
0.197373
0.198214
0.199058
0.199916
0.200771
0.201648
0.202528
0.203420
0.204298
0.205220
0.206149
0.207074
0.208007
0.208939
0.209948
0.210892
0.211873
0.212859
0.213861
0.214858
0.215875
0.216905
0.217949
0.219002
0.220036
0.221124
0.222206
0.223301
0.224406
0.225521
0.226655
0.227789
0.228950
0.230102
0.231272
0.232463
0.233659
0.234872
0.236091
0.237329
0.238582
0.239836
0.241110
0.242403
0.243690
0.245019
0.246341
0.247686
0.249040
0.250413
0.251797
0.253184
0.254599
0.256029
0.257480
0.258909
0.260385
0.261877
0.263376
0.264895
0.266432
0.267983
0.269545
0.271125
0.272731
0.274360
0.275986
0.277636
0.279299
0.280984
0.282689
0.284405
0.286135
0.287905
0.289686
0.291512
0.293294
0.295127
0.296982
0.298859
0.300756
0.302668
0.304601
0.306553
0.308543
0.310544
0.312559
0.314613
0.316679
0.318761
0.320881
0.323018
0.325175
0.327362
0.329562
0.331790
0.334099
0.336333
0.338660
0.340994
0.343355
0.345750
0.348164
0.350609
0.353081
0.355590
0.358112
0.360686
0.363277
0.365895
0.368549
0.371230
0.373938
0.376690
0.379476
0.382276
0.385146
0.388010
0.390921
0.393874
0.396864
0.399883
0.402945
0.406040
0.409171
0.412347
0.415569
0.418811
0.422095
0.425442
0.428818
0.432230
0.435696
0.439204
0.442752
0.446351
0.449976
0.453676
0.457429
0.461203
0.465044
0.468929
0.472866
0.476855
0.480900
0.484996
0.489198
0.493310
0.497597
0.501924
0.506309
0.510748
0.515249
0.519811
0.524448
0.529124
0.533892
0.538661
0.543581
0.548536
0.553585
0.558683
0.563857
0.569101
0.574423
0.579825
0.585304
0.590867
0.596521
0.602237
0.608067
0.613948
0.619936
0.626015
0.632181
0.638445
0.644810
0.651266
0.657826
0.664479
0.671249
0.678117
0.685102
0.692193
0.699389
0.706716
0.714153
0.721714
0.729378
0.737189
0.745130
0.753196
0.761404
0.769732
0.778218
0.786843
0.795608
0.804530
0.813608
0.822839
0.832242
0.841788
0.851501
0.861414
0.871487
0.881746
0.892190
0.902825
0.913652
0.924676
0.935911
0.947342
0.959004
0.970877
0.982978
0.995315
1.007886
1.020700
1.033772
1.047069
1.060659
1.074513
1.088630
1.102988
1.117776
1.132783
1.148106
1.163735
1.179675
1.196019
1.212650
1.229650
1.247012
1.264743
1.282864
1.301415
1.320351
1.339704
1.359499
1.379781
1.400484
1.421652
1.443326
1.465516
1.488220
1.511469
1.535280
1.559667
1.584644
1.610231
1.636456
1.663334
1.690900
1.719163
1.748154
1.777890
1.808422
1.839738
1.871901
1.904941
1.938849
1.973694
2.009518
2.046336
2.084197
2.123124
2.163191
2.204407
2.246842
2.290528
2.335577
2.381934
2.429728
2.479006
2.529826
2.582278
2.636378
2.692247
2.749952
2.809585
2.871182
2.934909
3.000818
3.069031
3.139653
3.212806
3.288598
3.367164
3.448701
3.533260
3.621061
3.712273
3.807086
3.905668
4.008251
4.115046
4.226303
4.342269
4.463275
4.589505
4.721413
4.859235
5.003421
5.154381
5.312526
5.478351
5.652377
5.835188
6.027375
6.229648
6.442769
6.667509
6.904810
7.155644
7.421126
7.702465
8.001028
8.318308
8.656006
9.015987
9.400433
9.811665
10.252440
10.725842
11.235397
11.785155
12.379764
13.024658
13.726105
14.491495
15.329569
16.250680
17.267330
18.394552
19.650766
21.058772
22.647044
24.451723
26.519511
28.911648
31.710380
35.028725
39.026781
43.939373
50.126074
58.167892
69.071606
84.751247
109.359995
153.949242
261.094496
898.907392
585.087814
212.139897
124.701107
84.952250
62.610087
51.151167
52.781729
75.242752
140.308442
420.599999
859.259092
256.360525
163.903977
126.195703
105.645902
92.724179
83.894255
77.541124
72.822495
69.257079
66.551532
64.519294
63.038437
62.029461
61.442396
