35.492004
35.655968
36.156296
37.019475
38.293662
40.055795
42.424446
45.582220
49.818045
55.608372
63.791358
75.979978
95.713613
132.537952
224.084858
826.151696
454.213434
173.499724
105.639755
75.191383
57.956851
46.900766
39.226571
33.602265
29.313046
25.940782
23.224902
20.994521
19.132981
17.557966
16.209744
15.043973
14.027021
13.132928
12.341391
11.636270
11.004587
10.435812
9.921287
9.453845
9.027537
8.637305
8.278912
7.948729
7.643650
7.360996
7.098427
6.854027
6.625937
6.412634
6.212779
6.025153
5.848699
5.682472
5.525623
5.377389
5.237120
5.104156
4.977992
4.858107
4.744057
4.635428
4.531847
4.432977
4.338508
4.248150
4.161653
4.078764
3.999271
3.922969
3.849672
3.779203
3.711405
3.646134
3.583239
3.522605
3.464109
3.407615
3.353080
3.300369
3.249373
3.200028
3.152272
3.106004
3.061167
3.017694
2.975523
2.934583
2.894859
2.856253
2.818744
2.782278
2.746813
2.712307
2.678722
2.646023
2.614175
2.583120
2.552913
2.523420
2.494659
2.466603
2.439217
2.412488
2.386388
2.360891
2.335984
2.311638
2.287844
2.264577
2.241820
2.219556
2.197767
2.176452
2.155582
2.135142
2.115123
2.095516
2.076282
2.057462
2.039009
2.020912
2.003167
1.985762
1.968689
1.951938
1.935499
1.919371
1.903496
1.887969
1.872706
1.857711
1.842977
1.828505
1.814284
1.800310
1.786573
1.773071
1.759805
1.746727
1.733894
1.721261
1.708840
1.696620
1.684606
1.672769
1.661115
1.649653
1.638368
1.627264
1.616323
1.605548
1.594937
1.584488
1.574192
1.564050
1.554057
1.544211
1.534510
1.524918
1.515505
1.506221
1.497058
1.488025
1.479118
1.470336
1.461674
1.453131
1.444705
1.436360
1.428186
1.420096
1.412113
1.404236
1.396455
1.388793
1.381210
1.373737
1.366358
1.359056
1.351887
1.344781
1.337769
1.330840
1.324005
1.317251
1.310578
1.303990
1.297481
1.291050
1.284695
1.278419
1.272218
1.266092
1.260034
1.254051
1.248138
1.242292
1.236514
1.230805
1.225161
1.219585
1.214065
1.208612
1.203216
1.197890
1.192616
1.187397
1.182248
1.177143
1.172091
1.167118
1.162187
1.157307
1.152481
1.147706
1.142984
1.138310
1.133689
1.129116
1.124565
1.120124
1.115690
1.111306
1.106967
1.102678
1.098430
1.094227
1.090063
1.085946
1.081873
1.077830
1.073839
1.069890
1.065974
1.062099
1.058264
1.054466
1.050703
1.046986
1.043296
1.039653
1.036048
1.032467
1.028925
1.025419
1.021945
1.018507
1.015099
1.011731
1.008389
1.005020
1.001795
0.998551
0.995334
0.992157
0.989002
0.985870
0.982781
0.979716
0.976682
0.973685
0.970689
0.967737
0.964814
0.961917
0.959047
0.956203
0.953388
0.950596
0.947828
0.945088
0.942376
0.939688
0.937015
0.934370
0.931757
0.929164
0.926592
0.924046
0.921527
0.919026
0.916532
0.914084
0.911651
0.909243
0.906847
0.904480
0.902136
0.899807
0.897504
0.895223
0.892924
0.890697
0.888478
0.886273
0.884089
0.881921
0.879777
0.877647
0.875541
0.873452
0.871408
0.869320
0.867286
0.865264
0.863276
0.861293
0.859325
0.857379
0.855448
0.853532
0.851636
0.849760
0.847897
0.846049
0.844221
0.842405
0.840609
0.838828
0.837059
0.835306
0.833580
0.831846
0.830140
0.828455
0.826778
0.825117
0.823471
0.821845
0.820224
0.818620
0.817037
0.815451
0.813893
0.812360
0.810818
0.809293
0.807791
0.806298
0.804821
0.803357
0.801902
0.800453
0.799034
0.797617
0.796219
0.794832
0.793454
0.792091
0.790739
0.789399
0.788073
0.786772
0.785449
0.784162
0.782881
0.781611
0.780355
0.779112
0.777878
0.776659
0.775443
0.774230
0.773085
0.771895
0.770722
0.769563
0.768409
0.767294
0.766172
0.765054
0.763955
0.762865
0.761768
0.760707
0.759650
0.758602
0.757561
0.756534
0.755512
0.754503
0.753505
0.752511
0.751541
0.750566
0.749607
0.748654
0.747716
0.746785
0.745863
0.744953
0.744047
0.743150
0.742267
0.741396
0.740531
0.739670
0.738821
0.737997
0.737156
0.736331
0.735522
0.734716
0.733916
0.733158
0.732371
0.731603
0.730841
0.730091
0.729348
0.728615
0.727890
0.727175
0.726468
0.725752
0.725067
0.724391
0.723710
0.723044
0.722385
0.721737
0.721092
0.720457
0.719832
0.719200
0.718603
0.717999
0.717403
0.716815
0.716241
0.715664
0.715105
0.714546
0.713997
0.713459
0.712928
0.712399
0.711883
0.711374
0.710870
0.710375
0.709888
0.709408
0.708934
0.708466
0.708018
0.707566
0.707116
0.706683
0.706256
0.705834
0.705420
0.705011
0.704610
0.704209
0.703874
0.703464
0.703092
0.702729
0.702372
0.702020
0.701681
0.701341
0.701017
0.700696
0.700392
0.700074
0.699772
0.699481
0.699193
0.698911
0.698640
0.698372
0.698116
0.697862
0.697603
0.697386
0.697151
0.696931
0.696706
0.696501
0.696294
0.696097
0.695906
0.695724
0.695541
0.695369
0.695215
0.695054
0.694904
0.694761
0.694626
0.694499
0.694381
0.694245
0.694167
0.694000
0.693931
0.693854
0.693767
0.693700
0.693625
0.693563
0.693504
0.693458
0.693413
0.693344
0.693343
0.693325
0.693305
0.693301
0.693291
0.693297
0.693307
0.693325
0.693343
0.693344
0.693413
0.693452
0.693504
0.693557
0.693625
0.693689
0.693767
0.693850
0.693931
0.694059
0.694183
0.694253
0.694385
0.694499
0.694628
0.694764
0.694905
0.695055
0.695216
0.695371
0.695539
0.695726
0.695907
0.696097
0.696295
0.696499
0.696707
0.696920
0.697151
0.697387
0.697604
0.697862
0.698116
0.698371
0.698640
0.698914
0.699193
0.699479
0.699772
0.700075
0.700384
0.700692
0.701013
0.701353
0.701676
0.702024
0.702374
0.702728
0.703094
0.703465
0.703874
0.704209
0.704610
0.705012
0.705418
0.705833
0.706255
0.706681
0.707117
0.707560
0.708019
0.708466
0.708935
0.709407
0.709887
0.710373
0.710870
0.711372
0.711881
0.712402
0.712925
0.713457
0.713997
0.714541
0.715107
0.715660
0.716237
0.716816
0.717403
0.718000
0.718603
0.719201
0.719831
0.720461
0.721092
0.721737
0.722386
0.723044
0.723711
0.724388
0.725067
0.725755
0.726468
0.727173
0.727889
0.728615
0.729349
0.730093
0.730841
0.731603
0.732372
0.733157
0.733916
0.734719
0.735526
0.736334
0.737148
0.737985
0.738829
0.739673
0.740530
0.741393
0.742270
0.743151
0.744049
0.744951
0.745863
0.746786
0.747715
0.748655
0.749607
0.750559
0.751541
0.752514
0.753506
0.754503
0.755513
0.756533
0.757562
0.758603
0.759649
0.760706
0.761767
0.762863
0.763954
0.765052
0.766167
0.767310
0.768421
0.769570
0.770725
0.771892
0.773087
0.774231
0.775445
0.776655
0.777878
0.779113
0.780356
0.781612
0.782881
0.784161
0.785448
0.786761
0.788073
0.789391
0.790739
0.792092
0.793454
0.794831
0.796220
0.797621
0.799034
0.800458
0.801903
0.803355
0.804819
0.806298
0.807789
0.809288
0.810819
0.812355
0.813896
0.815453
0.817036
0.818620
0.820224
0.821842
0.823472
0.825117
0.826777
0.828453
0.830140
0.831846
0.833581
0.835308
0.837059
0.838823
0.840608
0.842404
0.844221
0.846051
0.847898
0.849757
0.851636
0.853531
0.855447
0.857379
0.859326
0.861290
0.863273
0.865281
0.867287
0.869326
0.871405
0.873452
0.875542
0.877647
0.879777
0.881924
0.884089
0.886271
0.888477
0.890698
0.892925
0.895223
0.897503
0.899806
0.902135
0.904482
0.906850
0.909242
0.911650
0.914083
0.916531
0.919024
0.921526
0.924050
0.926593
0.929164
0.931757
0.934370
0.937012
0.939686
0.942367
0.945090
0.947836
0.950588
0.953386
0.956207
0.959044
0.961917
0.964814
0.967737
0.970692
0.973686
0.976681
0.979716
0.982782
0.985879
0.989002
0.992145
0.995336
0.998550
1.001797
1.005020
1.008389
1.011733
1.015101
1.018506
1.021946
1.025417
1.028926
1.032473
1.036048
1.039696
1.043300
1.046984
1.050708
1.054463
1.058266
1.062100
1.065974
1.069885
1.073839
1.077832
1.081873
1.085947
1.090064
1.094225
1.098427
1.102677
1.106968
1.111306
1.115691
1.120124
1.124566
1.129116
1.133688
1.138309
1.142985
1.147706
1.152481
1.157306
1.162185
1.167116
1.172093
1.177158
1.182249
1.187404
1.192617
1.197888
1.203219
1.208612
1.214065
1.219582
1.225161
1.230806
1.236514
1.242292
1.248138
1.254051
1.260032
1.266089
1.272219
1.278423
1.284694
1.291050
1.297481
1.303990
1.310579
1.317251
1.324005
1.330838
1.337769
1.344782
1.351887
1.359055
1.366357
1.373728
1.381210
1.388787
1.396457
1.404234
1.412114
1.420098
1.428187
1.436360
1.444705
1.453134
1.461673
1.470334
1.479118
1.488026
1.497056
1.506222
1.515505
1.524913
1.534511
1.544213
1.554058
1.564051
1.574192
1.584486
1.594937
1.605547
1.616321
1.627262
1.638365
1.649656
1.661119
1.672754
1.684578
1.696606
1.708847
1.721269
1.733893
1.746729
1.759808
1.773070
1.786573
1.800308
1.814285
1.828505
1.842978
1.857712
1.872706
1.887977
1.903496
1.919368
1.935502
1.951940
1.968690
1.985763
2.003168
2.020913
2.039009
2.057464
2.076280
2.095515
2.115125
2.135139
2.155576
2.176458
2.197772
2.219559
2.241821
2.264576
2.287844
2.311639
2.335984
2.360890
2.386386
2.412490
2.439219
2.466603
2.494660
2.523419
2.552913
2.583125
2.614175
2.646021
2.678723
2.712306
2.746812
2.782278
2.818743
2.856257
2.894858
2.934587
2.975521
3.017693
3.061165
3.106004
3.152270
3.200025
3.249369
3.300398
3.353083
3.407620
3.464111
3.522606
3.583244
3.646133
3.711410
3.779208
3.849672
3.922969
3.999272
4.078766
4.161652
4.248154
4.338508
4.432982
4.531851
4.635427
4.744056
4.858108
4.977992
5.104156
5.237121
5.377398
5.525621
5.682469
5.848699
6.025152
6.212779
6.412645
6.625932
6.854049
7.098440
7.361000
7.643653
7.948732
8.278919
8.637307
9.027537
9.453859
9.921288
10.435813
11.004592
11.636270
12.341391
13.132927
14.027021
15.043976
16.209756
17.557968
19.132982
20.994526
23.224907
25.940787
29.313048
33.602321
39.226580
46.900777
57.956851
75.191390
105.639783
173.499758
454.213451
826.151583
224.084840
132.537937
95.713603
75.979981
63.791360
55.608341
49.818045
45.582271
42.424445
40.055788
38.293668
37.019475
36.156275
35.655964
