25.757649
25.800331
25.929173
26.146554
26.456586
26.865287
27.380887
28.014305
28.779654
29.695265
30.784804
32.078922
33.617995
35.455714
37.664757
40.345677
43.641495
47.762134
53.028538
59.956562
69.431097
83.106994
104.478546
142.416471
227.969707
599.182542
886.347139
249.873632
143.894506
100.322327
76.603917
61.707099
51.495029
44.066993
38.427558
34.004882
30.447149
27.526049
25.086936
23.021347
21.251058
19.718101
18.378733
17.199207
16.153209
15.219851
14.382337
13.627008
12.942705
12.320134
11.751571
11.230492
10.751380
10.309533
9.900899
9.522019
9.169849
8.841761
8.535492
8.248949
7.980388
7.728220
7.491056
7.267628
7.056835
6.857661
6.669207
6.490663
6.321294
6.160436
6.007492
5.861897
5.723154
5.590821
5.464474
5.343719
5.228204
5.117639
5.011668
4.910062
4.812549
4.718887
4.628884
4.542312
4.458994
4.378752
4.301423
4.226856
4.154921
4.085464
4.018398
3.953542
3.890844
3.830181
3.771466
3.714607
3.659516
3.606114
3.554328
3.504087
3.455321
3.407974
3.361971
3.317297
3.273830
3.231575
3.190477
3.150465
3.111520
3.073595
3.036649
3.000643
2.965547
2.931325
2.897947
2.865381
2.833598
2.802571
2.772274
2.742681
2.713772
2.685517
2.657907
2.630902
2.604492
2.578658
2.553388
2.528651
2.504383
2.480733
2.457510
2.434780
2.412505
2.390679
2.369290
2.348315
2.327764
2.307605
2.287827
2.268432
2.249399
2.230724
2.212393
2.194399
2.176735
2.159387
2.142349
2.125616
2.109177
2.093025
2.077148
2.061547
2.046207
2.031130
2.016326
2.001737
1.987403
1.973299
1.959425
1.945778
1.932348
1.919131
1.906122
1.893318
1.880711
1.868302
1.856073
1.844035
1.832192
1.820515
1.809013
1.797683
1.786517
1.775515
1.764674
1.753984
1.743455
1.733069
1.722837
1.712739
1.702792
1.692981
1.683300
1.673759
1.664340
1.655050
1.645888
1.636855
1.627931
1.619131
1.610442
1.601873
1.593411
1.585061
1.576815
1.568677
1.560643
1.552708
1.544879
1.537146
1.529503
1.521958
1.514508
1.507148
1.499878
1.492697
1.485602
1.478593
1.471668
1.464824
1.458061
1.451381
1.444777
1.438249
1.431795
1.425426
1.419122
1.412885
1.406731
1.400648
1.394627
1.388674
1.382789
1.376973
1.371219
1.365533
1.359899
1.354331
1.348838
1.343379
1.337971
1.332688
1.327412
1.322199
1.317044
1.311945
1.306890
1.301899
1.296955
1.292070
1.287231
1.282442
1.277707
1.273022
1.268381
1.263789
1.259248
1.254749
1.250298
1.245891
1.241528
1.237214
1.232938
1.228707
1.224518
1.220371
1.216268
1.212202
1.208179
1.204197
1.200249
1.196346
1.192484
1.188647
1.184855
1.181098
1.177379
1.173700
1.170050
1.166439
1.162860
1.159318
1.155810
1.152334
1.148890
1.145484
1.142106
1.138761
1.135448
1.132174
1.128913
1.125672
1.122501
1.119344
1.116215
1.113108
1.110039
1.107000
1.103981
1.100993
1.098035
1.095100
1.092196
1.089314
1.086463
1.083649
1.080842
1.078067
1.075323
1.072596
1.069897
1.067224
1.064574
1.061950
1.059348
1.056770
1.054217
1.051686
1.049179
1.046694
1.044230
1.041792
1.039375
1.036981
1.034609
1.032254
1.029923
1.027612
1.025322
1.023055
1.020805
1.018578
1.016370
1.014184
1.012016
1.009867
1.007733
1.005645
1.003540
1.001469
0.999422
0.997386
0.995375
0.993331
0.991393
0.989420
0.987483
0.985556
0.983652
0.981760
0.979886
0.978030
0.976189
0.974367
0.972564
0.970773
0.969002
0.967240
0.965501
0.963776
0.962067
0.960376
0.958698
0.957037
0.955391
0.953756
0.952145
0.950543
0.948935
0.947384
0.945826
0.944291
0.942765
0.941250
0.939750
0.938267
0.936796
0.935342
0.933899
0.932470
0.931058
0.929656
0.928268
0.926896
0.925531
0.924187
0.922853
0.921524
0.920219
0.918929
0.917649
0.916376
0.915118
0.913875
0.912624
0.911430
0.910219
0.909027
0.907843
0.906669
0.905523
0.904369
0.903232
0.902113
0.901001
0.899904
0.898814
0.897738
0.896675
0.895623
0.894581
0.893550
0.892533
0.891525
0.890528
0.889543
0.888570
0.887607
0.886653
0.885699
0.884778
0.883860
0.882956
0.882056
0.881165
0.880291
0.879421
0.878565
0.877720
0.876884
0.876056
0.875244
0.874425
0.873644
0.872860
0.872085
0.871323
0.870564
0.869820
0.869086
0.868358
0.867647
0.866938
0.866243
0.865552
0.864864
0.864223
0.863561
0.862915
0.862275
0.861646
0.861027
0.860414
0.859819
0.859224
0.858643
0.858072
0.857507
0.856953
0.856407
0.855874
0.855348
0.854830
0.854318
0.853823
0.853333
0.852851
0.852380
0.851916
0.851461
0.851015
0.850578
0.850151
0.849731
0.849323
0.848920
0.848530
0.848144
0.847769
0.847402
0.847044
0.846697
0.846356
0.846013
0.845689
0.845382
0.845079
0.844784
0.844494
0.844217
0.843941
0.843679
0.843426
0.843177
0.842939
0.842695
0.842514
0.842283
0.842091
0.841895
0.841691
0.841519
0.841347
0.841181
0.841026
0.840880
0.840750
0.840616
0.840493
0.840388
0.840279
0.840186
0.840096
0.840016
0.839950
0.839890
0.839832
0.839787
0.839749
0.839721
0.839697
0.839686
0.839684
0.839685
0.839696
0.839721
0.839749
0.839785
0.839833
0.839882
0.839947
0.840020
0.840097
0.840186
0.840278
0.840382
0.840493
0.840616
0.840748
0.840878
0.841028
0.841186
0.841346
0.841519
0.841693
0.841889
0.842099
0.842283
0.842475
0.842709
0.842938
0.843177
0.843422
0.843677
0.843941
0.844217
0.844496
0.844782
0.845082
0.845383
0.845685
0.846029
0.846359
0.846698
0.847047
0.847404
0.847769
0.848144
0.848528
0.848920
0.849322
0.849732
0.850152
0.850579
0.851015
0.851460
0.851915
0.852379
0.852851
0.853335
0.853816
0.854322
0.854829
0.855347
0.855874
0.856409
0.856953
0.857506
0.858071
0.858642
0.859225
0.859816
0.860416
0.861032
0.861648
0.862271
0.862908
0.863561
0.864222
0.864864
0.865549
0.866242
0.866938
0.867646
0.868359
0.869084
0.869820
0.870564
0.871316
0.872082
0.872857
0.873644
0.874445
0.875241
0.876059
0.876884
0.877719
0.878566
0.879421
0.880290
0.881165
0.882053
0.882955
0.883858
0.884738
0.885705
0.886652
0.887609
0.888571
0.889544
0.890529
0.891527
0.892533
0.893551
0.894582
0.895622
0.896676
0.897740
0.898814
0.899903
0.900997
0.902113
0.903234
0.904376
0.905508
0.906673
0.907842
0.909028
0.910222
0.911427
0.912624
0.913880
0.915114
0.916375
0.917648
0.918925
0.920231
0.921530
0.922853
0.924184
0.925533
0.926896
0.928269
0.929655
0.931055
0.932471
0.933899
0.935341
0.936795
0.938266
0.939749
0.941248
0.942762
0.944289
0.945833
0.947382
0.948943
0.950547
0.952143
0.953758
0.955390
0.957037
0.958698
0.960376
0.962069
0.963777
0.965501
0.967242
0.968990
0.970782
0.972564
0.974364
0.976197
0.978029
0.979885
0.981759
0.983649
0.985555
0.987483
0.989425
0.991390
0.993331
0.995376
0.997386
0.999417
1.001481
1.003539
1.005630
1.007738
1.009869
1.012017
1.014185
1.016370
1.018580
1.020806
1.023054
1.025321
1.027612
1.029921
1.032251
1.034605
1.036976
1.039375
1.041794
1.044230
1.046696
1.049179
1.051688
1.054217
1.056771
1.059348
1.061948
1.064572
1.067223
1.069897
1.072596
1.075316
1.078072
1.080843
1.083633
1.086468
1.089318
1.092195
1.095099
1.098031
1.100994
1.103979
1.106996
1.110035
1.113110
1.116216
1.119340
1.122489
1.125722
1.128910
1.132171
1.135445
1.138765
1.142108
1.145485
1.148895
1.152335
1.155810
1.159319
1.162861
1.166440
1.170051
1.173698
1.177383
1.181098
1.184855
1.188646
1.192486
1.196347
1.200250
1.204196
1.208179
1.212202
1.216268
1.220373
1.224519
1.228708
1.232938
1.237211
1.241527
1.245891
1.250297
1.254748
1.259245
1.263791
1.268380
1.273024
1.277705
1.282444
1.287234
1.292069
1.296958
1.301900
1.306892
1.311942
1.317036
1.322190
1.327408
1.332693
1.338002
1.343377
1.348830
1.354332
1.359904
1.365535
1.371218
1.376973
1.382787
1.388673
1.394626
1.400646
1.406724
1.412896
1.419124
1.425424
1.431799
1.438251
1.444778
1.451378
1.458063
1.464825
1.471667
1.478592
1.485601
1.492697
1.499878
1.507147
1.514506
1.521962
1.529502
1.537139
1.544877
1.552711
1.560643
1.568677
1.576815
1.585062
1.593411
1.601873
1.610443
1.619130
1.627931
1.636846
1.645882
1.655055
1.664342
1.673753
1.683306
1.692982
1.702793
1.712738
1.722832
1.733071
1.743455
1.753985
1.764675
1.775515
1.786516
1.797682
1.809014
1.820510
1.832189
1.844047
1.856074
1.868299
1.880712
1.893317
1.906120
1.919130
1.932349
1.945777
1.959425
1.973301
1.987403
2.001730
2.016260
2.031133
2.046216
2.061561
2.077151
2.093025
2.109178
2.125616
2.142352
2.159391
2.176736
2.194399
2.212393
2.230723
2.249397
2.268431
2.287828
2.307597
2.327763
2.348320
2.369291
2.390681
2.412507
2.434782
2.457521
2.480734
2.504383
2.528653
2.553383
2.578658
2.604488
2.630896
2.657893
2.685523
2.713770
2.742685
2.772273
2.802573
2.833598
2.865381
2.897948
2.931327
2.965549
3.000644
3.036647
3.073595
3.111523
3.150466
3.190469
3.231578
3.273836
3.317279
3.361970
3.407971
3.455322
3.504083
3.554326
3.606119
3.659515
3.714606
3.771466
3.830179
3.890841
3.953538
4.018354
4.085471
4.154924
4.226865
4.301428
4.378751
4.458996
4.542310
4.628879
4.718900
4.812549
4.910060
5.011671
5.117640
5.228208
5.343716
5.464472
5.590834
5.723160
5.861893
6.007484
6.160440
6.321294
6.490668
6.669210
6.857667
7.056835
7.267633
7.491050
7.728220
7.980378
8.248935
8.535468
8.841776
9.169851
9.522019
9.900904
10.309535
10.751382
11.230492
11.751573
12.320150
12.942707
13.627015
14.382328
15.219852
16.153212
17.199195
18.378717
19.718119
21.251068
23.021363
25.086922
27.526050
30.447150
34.004875
38.427558
44.067043
51.495027
61.707117
76.603892
100.322337
143.894513
249.873624
886.347139
599.182516
227.969690
142.416457
104.478518
83.106991
69.431090
59.956554
53.028538
47.762177
43.641492
40.345671
37.664744
35.455714
33.617996
32.078901
30.784777
29.695290
28.779657
28.014292
27.380910
26.865296
26.456593
26.146550
25.929176
25.800344
