914.190581
919.935777
937.502854
967.931702
1013.119562
1076.110429
1161.618962
1276.954214
1433.746098
1651.305343
1963.804453
2437.355788
3217.699763
4699.227720
8440.101724
33331.649480
19822.553309
8286.717067
5601.921762
4508.216817
4024.007744
3897.781679
4098.335103
4785.515999
6682.486508
15543.263700
20585.325441
5245.977214
2753.130849
1761.456007
1241.729884
928.319931
722.321853
578.728646
474.249518
395.689988
335.058300
287.256672
248.894692
217.640246
191.844712
170.311252
152.155913
136.711835
123.469476
112.033262
102.091969
93.399881
85.757548
79.004510
73.009914
67.665433
62.881585
58.583633
54.708635
51.203600
48.023600
45.129727
42.489611
40.074277
37.859416
35.823607
33.948320
32.217228
30.616135
29.132373
27.754925
26.473883
25.280568
24.167199
23.126874
22.153299
21.240942
20.384883
19.580516
18.823811
18.111069
17.438943
16.804524
16.205016
15.637767
15.100571
14.591501
14.108439
13.649725
13.213734
12.798983
12.404060
12.027910
11.669119
11.326835
10.999853
10.687421
10.388627
10.102709
9.828936
9.566615
9.315025
9.073890
8.842283
8.619848
8.406119
8.200577
8.002939
7.812629
7.629396
7.452903
7.282735
7.118672
6.960393
6.807620
6.660095
6.517581
6.379888
6.246762
6.117995
5.993408
5.872832
5.756023
5.642962
5.533406
5.427194
5.324232
5.224345
5.127435
5.033381
4.942080
4.853419
4.767083
4.683547
4.602194
4.523118
4.446191
4.371369
4.298565
4.227695
4.158720
4.091548
4.026129
3.962331
3.900219
3.839658
3.780626
3.723061
3.666941
3.612156
3.558688
3.506529
3.455608
3.405904
3.357342
3.309913
3.263571
3.218301
3.174084
3.130817
3.088538
3.047190
3.006757
2.967152
2.928483
2.890635
2.853575
2.817305
2.781793
2.747032
2.712974
2.679624
2.646977
2.614915
2.583607
2.552882
2.522764
2.493242
2.464288
2.435921
2.408077
2.380781
2.354012
2.327708
2.301982
2.276689
2.251867
2.227505
2.203594
2.180116
2.157065
2.134443
2.112210
2.090379
2.068927
2.047865
2.027166
2.006833
1.986841
1.967201
1.947898
1.928917
1.910265
1.891927
1.873887
1.856157
1.838711
1.821557
1.804677
1.788087
1.771753
1.755677
1.739877
1.724307
1.708980
1.693933
1.679101
1.664496
1.650117
1.635970
1.622034
1.608301
1.594795
1.581494
1.568349
1.555487
1.542764
1.530238
1.517894
1.505743
1.493754
1.481946
1.470318
1.458837
1.447515
1.436411
1.425427
1.414607
1.403935
1.393415
1.383035
1.372808
1.362715
1.352779
1.342963
1.333295
1.323766
1.314353
1.305069
1.295913
1.286882
1.277971
1.269176
1.260507
1.251943
1.243425
1.235151
1.226927
1.218804
1.210800
1.202891
1.195074
1.187375
1.179771
1.172262
1.164864
1.157531
1.150298
1.143165
1.136118
1.129162
1.122295
1.115512
1.108812
1.102191
1.095658
1.089208
1.082834
1.076527
1.070306
1.064165
1.058096
1.052097
1.046181
1.040324
1.034522
1.028808
1.023174
1.017599
1.012086
1.006636
1.001259
0.995941
0.990681
0.985491
0.980359
0.975248
0.970249
0.965298
0.960409
0.955561
0.950770
0.946044
0.941361
0.936739
0.932169
0.927678
0.923174
0.918758
0.914385
0.910080
0.905810
0.901586
0.897413
0.893284
0.889203
0.885169
0.881185
0.877242
0.873337
0.869483
0.865665
0.861895
0.858167
0.854474
0.850824
0.847226
0.843645
0.840115
0.836629
0.833171
0.829775
0.826386
0.823052
0.819750
0.816480
0.813258
0.810013
0.806888
0.803765
0.800669
0.797604
0.794585
0.791591
0.788633
0.785707
0.782808
0.779935
0.777112
0.774305
0.771538
0.768793
0.766081
0.763398
0.760744
0.758120
0.755524
0.752970
0.750411
0.747899
0.745416
0.742955
0.740506
0.738118
0.735737
0.733392
0.731061
0.728744
0.726507
0.724244
0.722009
0.719805
0.717616
0.715479
0.713351
0.711237
0.709155
0.707097
0.705040
0.703036
0.701045
0.699070
0.697122
0.695201
0.693295
0.691408
0.689546
0.687701
0.685874
0.684088
0.682307
0.680547
0.678809
0.677087
0.675396
0.673712
0.672047
0.670405
0.668783
0.667185
0.665600
0.664030
0.662482
0.660967
0.659446
0.657949
0.656478
0.655018
0.653573
0.652176
0.650763
0.649376
0.648002
0.646641
0.645311
0.643994
0.642695
0.641409
0.640138
0.638873
0.637639
0.636425
0.635215
0.634026
0.632850
0.631696
0.630541
0.629423
0.628313
0.627204
0.626135
0.625064
0.624011
0.622974
0.621954
0.620944
0.619952
0.618970
0.618002
0.617045
0.616129
0.615200
0.614295
0.613400
0.612518
0.611652
0.610798
0.609962
0.609133
0.608319
0.607530
0.606743
0.605965
0.605208
0.604466
0.603734
0.603014
0.602304
0.601612
0.600925
0.600300
0.599619
0.598975
0.598346
0.597729
0.597123
0.596535
0.595951
0.595390
0.594835
0.594304
0.593764
0.593245
0.592742
0.592247
0.591766
0.591298
0.590832
0.590389
0.589960
0.589530
0.589141
0.588740
0.588361
0.587979
0.587623
0.587272
0.586933
0.586606
0.586283
0.586003
0.585697
0.585434
0.585162
0.584894
0.584655
0.584422
0.584199
0.583992
0.583777
0.583621
0.583388
0.583244
0.583107
0.582958
0.582837
0.582712
0.582604
0.582509
0.582428
0.582350
0.582261
0.582234
0.582200
0.582166
0.582155
0.582145
0.582151
0.582167
0.582200
0.582234
0.582260
0.582351
0.582418
0.582507
0.582602
0.582712
0.582828
0.582957
0.583099
0.583244
0.583437
0.583633
0.583782
0.583997
0.584203
0.584422
0.584657
0.584897
0.585159
0.585441
0.585699
0.585974
0.586295
0.586606
0.586933
0.587271
0.587620
0.587980
0.588352
0.588741
0.589140
0.589533
0.589961
0.590386
0.590842
0.591300
0.591769
0.592249
0.592741
0.593245
0.593764
0.594295
0.594831
0.595386
0.595962
0.596531
0.597127
0.597731
0.598345
0.598976
0.599619
0.600300
0.600926
0.601607
0.602307
0.603012
0.603732
0.604465
0.605208
0.605966
0.606737
0.607531
0.608319
0.609135
0.609959
0.610798
0.611654
0.612520
0.613395
0.614288
0.615203
0.616125
0.617043
0.617999
0.618965
0.619953
0.620940
0.621951
0.622973
0.624011
0.625065
0.626130
0.627202
0.628310
0.629426
0.630555
0.631694
0.632853
0.634026
0.635215
0.636423
0.637639
0.638875
0.640138
0.641405
0.642693
0.643992
0.645283
0.646647
0.648002
0.649377
0.650765
0.652175
0.653573
0.655022
0.656481
0.657952
0.659439
0.660956
0.662490
0.664034
0.665599
0.667182
0.668783
0.670406
0.672050
0.673716
0.675385
0.677091
0.678807
0.680548
0.682309
0.684080
0.685874
0.687707
0.689544
0.691408
0.693295
0.695197
0.697132
0.699075
0.701044
0.703032
0.705040
0.707095
0.709155
0.711234
0.713344
0.715494
0.717628
0.719810
0.722011
0.724240
0.726508
0.728743
0.731060
0.733387
0.735743
0.738118
0.740513
0.742959
0.745415
0.747900
0.750409
0.752959
0.755524
0.758112
0.760745
0.763400
0.766081
0.768794
0.771529
0.774316
0.777112
0.779937
0.782815
0.785704
0.788630
0.791590
0.794581
0.797598
0.800670
0.803764
0.806888
0.810015
0.813258
0.816480
0.819746
0.823059
0.826386
0.829762
0.833175
0.836629
0.840116
0.843646
0.847227
0.850828
0.854475
0.858161
0.861893
0.865664
0.869481
0.873337
0.877240
0.881178
0.885169
0.889203
0.893283
0.897415
0.901587
0.905808
0.910077
0.914404
0.918759
0.923179
0.927673
0.932168
0.936740
0.941361
0.946038
0.950778
0.955561
0.960393
0.965302
0.970253
0.975248
0.980358
0.985486
0.990681
0.995938
1.001258
1.006635
1.012086
1.017598
1.023170
1.028796
1.034566
1.040320
1.046183
1.052095
1.058099
1.064167
1.070307
1.076528
1.082833
1.089197
1.095661
1.102202
1.108804
1.115510
1.122298
1.129162
1.136118
1.143165
1.150297
1.157537
1.164866
1.172261
1.179770
1.187377
1.195084
1.202891
1.210787
1.218808
1.226926
1.235154
1.243422
1.251942
1.260509
1.269178
1.277968
1.286880
1.295913
1.305069
1.314363
1.323764
1.333352
1.342971
1.352776
1.362724
1.372805
1.383039
1.393414
1.403926
1.414591
1.425422
1.436419
1.447548
1.458836
1.470311
1.481944
1.493755
1.505744
1.517894
1.530238
1.542763
1.555486
1.568349
1.581492
1.594786
1.608312
1.622037
1.635968
1.650121
1.664497
1.679099
1.693926
1.708985
1.724330
1.739877
1.755686
1.771753
1.788084
1.804682
1.821556
1.838709
1.856157
1.873886
1.891920
1.910262
1.928920
1.947898
1.967201
1.986837
2.006830
2.027168
2.047871
2.068926
2.090378
2.112210
2.134431
2.157058
2.180123
2.203597
2.227494
2.251875
2.276692
2.301984
2.327705
2.354004
2.380768
2.408077
2.435912
2.464293
2.493239
2.522764
2.552885
2.583610
2.614908
2.646973
2.679647
2.712973
2.747024
2.781795
2.817305
2.853568
2.890636
2.928485
2.967141
3.006759
3.047197
3.088540
3.130808
3.173980
3.218302
3.263586
3.309933
3.357343
3.405900
3.455603
3.506535
3.558702
3.612130
3.666882
3.723031
3.780641
3.839674
3.900214
3.962334
4.026138
4.091531
4.158719
4.227699
4.298569
4.371372
4.446197
4.523124
4.602214
4.683569
4.767083
4.853416
4.942078
5.033386
5.127429
5.224336
5.324206
5.427208
5.533401
5.642976
5.756015
5.872834
5.993414
6.117987
6.246747
6.379910
6.517601
6.660106
6.807619
6.960389
7.118679
7.282740
7.452885
7.629400
7.812636
8.002902
8.200581
8.406111
8.619854
8.842270
9.073885
9.315056
9.566613
9.828925
10.102713
10.388617
10.687409
10.999842
11.326707
11.669155
12.027915
12.404103
12.798989
13.213726
13.649722
14.108433
14.591476
15.100598
15.637748
16.205152
16.804549
17.438972
18.111093
18.823806
19.580537
20.384924
21.240993
22.153313
23.126843
24.167215
25.280574
26.473916
27.754931
29.132425
30.616135
32.217286
33.948322
35.823600
37.859360
40.074217
42.489491
45.129804
48.023619
51.203686
54.708643
58.583613
62.881597
67.665421
73.009926
79.004748
85.757496
93.400229
102.092092
112.033331
123.469547
136.711792
152.155909
170.311447
191.844803
217.640720
248.894578
287.256710
335.058463
395.689907
474.249518
578.729259
722.321825
928.320387
1241.730398
1761.456383
2753.131127
5245.978296
20585.329873
15543.266022
6682.486466
4785.523504
4098.334945
3897.782452
4024.007338
4508.216635
5601.923247
8286.726151
19822.552688
33331.639964
8440.098133
4699.227188
3217.699523
2437.354288
1963.802792
1651.305812
1433.746248
1276.955050
1161.619910
1076.110601
1013.119989
967.931554
937.502418
919.936137
