0.188217
0.374763
0.557982
0.736249
0.907981
1.071654
1.225814
1.369094
1.500222
1.618034
1.721484
1.809654
1.881762
1.937166
1.975377
1.996053
1.999013
1.984229
1.951834
1.902113
1.835509
1.752613
1.654161
1.541026
1.414214
1.274848
1.124167
0.963507
0.794296
0.618034
0.436286
0.250666
0.062822
-0.125581
-0.312869
-0.497380
-0.677476
-0.851559
-1.018083
-1.175571
-1.322624
-1.457937
-1.580310
-1.688656
-1.782013
-1.859553
-1.920587
-1.964575
-1.991124
-2.000000
-1.991124
-1.964575
-1.920587
-1.859553
-1.782013
-1.688656
-1.580310
-1.457937
-1.322624
-1.175571
-1.018083
-0.851559
-0.677476
-0.497380
-0.312869
-0.125581
0.062822
0.250666
0.436286
0.618034
0.794296
0.963507
1.124167
1.274848
1.414214
1.541026
1.654161
1.752613
1.835509
1.902113
1.951834
1.984229
1.999013
1.996053
1.975377
1.937166
1.881762
1.809654
1.721484
1.618034
1.500222
1.369094
1.225814
1.071654
0.907981
0.736249
0.557982
0.374763
0.188217
-0.000000
-0.188217
-0.374763
-0.557982
-0.736249
-0.907981
-1.071654
-1.225814
-1.369094
-1.500222
-1.618034
-1.721484
-1.809654
-1.881762
-1.937166
-1.975377
-1.996053
-1.999013
-1.984229
-1.951834
-1.902113
-1.835509
-1.752613
-1.654161
-1.541026
-1.414214
-1.274848
-1.124167
-0.963507
-0.794296
-0.618034
-0.436286
-0.250666
-0.062822
0.125581
0.312869
0.497380
0.677476
0.851559
1.018083
1.175571
1.322624
1.457937
1.580310
1.688656
1.782013
1.859553
1.920587
1.964575
1.991124
2.000000
1.991124
1.964575
1.920587
1.859553
1.782013
1.688656
1.580310
1.457937
1.322624
1.175571
1.018083
0.851559
0.677476
0.497380
0.312869
0.125581
-0.062822
-0.250666
-0.436286
-0.618034
-0.794296
-0.963507
-1.124167
-1.274848
-1.414214
-1.541026
-1.654161
-1.752613
-1.835509
-1.902113
-1.951834
-1.984229
-1.999013
-1.996053
-1.975377
-1.937166
-1.881762
-1.809654
-1.721484
-1.618034
-1.500222
-1.369094
-1.225814
-1.071654
-0.907981
-0.736249
-0.557982
-0.374763
-0.188217
0.000000
0.188217
0.374763
0.557982
0.736249
0.907981
1.071654
1.225814
1.369094
1.500222
1.618034
1.721484
1.809654
1.881762
1.937166
1.975377
1.996053
1.999013
1.984229
1.951834
1.902113
1.835509
1.752613
1.654161
1.541026
1.414214
1.274848
1.124167
0.963507
0.794296
0.618034
0.436286
0.250666
0.062822
-0.125581
-0.312869
-0.497380
-0.677476
-0.851559
-1.018083
-1.175571
-1.322624
-1.457937
-1.580310
-1.688656
-1.782013
-1.859553
-1.920587
-1.964575
-1.991124
-2.000000
-1.991124
-1.964575
-1.920587
-1.859553
-1.782013
-1.688656
-1.580310
-1.457937
-1.322624
-1.175571
-1.018083
-0.851559
-0.677476
-0.497380
-0.312869
-0.125581
0.062822
0.250666
0.436286
0.618034
0.794296
0.963507
1.124167
1.274848
1.414214
1.541026
1.654161
1.752613
1.835509
1.902113
1.951834
1.984229
1.999013
1.996053
1.975377
1.937166
1.881762
1.809654
1.721484
1.618034
1.500222
1.369094
1.225814
1.071654
0.907981
0.736249
0.557982
0.374763
0.188217
-0.000000
-0.188217
-0.374763
-0.557982
-0.736249
-0.907981
-1.071654
-1.225814
-1.369094
-1.500222
-1.618034
-1.721484
-1.809654
-1.881762
-1.937166
-1.975377
-1.996053
-1.999013
-1.984229
-1.951834
-1.902113
-1.835509
-1.752613
-1.654161
-1.541026
-1.414214
-1.274848
-1.124167
-0.963507
-0.794296
-0.618034
-0.436286
-0.250666
-0.062822
0.125581
0.312869
0.497380
0.677476
0.851559
1.018083
1.175571
1.322624
1.457937
1.580310
1.688656
1.782013
1.859553
1.920587
1.964575
1.991124
2.000000
1.991124
1.964575
1.920587
1.859553
1.782013
1.688656
1.580310
1.457937
1.322624
1.175571
1.018083
0.851559
0.677476
0.497380
0.312869
0.125581
-0.062822
-0.250666
-0.436286
-0.618034
-0.794296
-0.963507
-1.124167
-1.274848
-1.414214
-1.541026
-1.654161
-1.752613
-1.835509
-1.902113
-1.951834
-1.984229
-1.999013
-1.996053
-1.975377
-1.937166
-1.881762
-1.809654
-1.721484
-1.618034
-1.500222
-1.369094
-1.225814
-1.071654
-0.907981
-0.736249
-0.557982
-0.374763
-0.188217
0.000000
0.188217
0.374763
0.557982
0.736249
0.907981
1.071654
1.225814
1.369094
1.500222
1.618034
1.721484
1.809654
1.881762
1.937166
1.975377
1.996053
1.999013
1.984229
1.951834
1.902113
1.835509
1.752613
1.654161
1.541026
1.414214
1.274848
1.124167
0.963507
0.794296
0.618034
0.436286
0.250666
0.062822
-0.125581
-0.312869
-0.497380
-0.677476
-0.851559
-1.018083
-1.175571
-1.322624
-1.457937
-1.580310
-1.688656
-1.782013
-1.859553
-1.920587
-1.964575
-1.991124
-2.000000
-1.991124
-1.964575
-1.920587
-1.859553
-1.782013
-1.688656
-1.580310
-1.457937
-1.322624
-1.175571
-1.018083
-0.851559
-0.677476
-0.497380
-0.312869
-0.125581
0.062822
0.250666
0.436286
0.618034
0.794296
0.963507
1.124167
1.274848
1.414214
1.541026
1.654161
1.752613
1.835509
1.902113
1.951834
1.984229
1.999013
1.996053
1.975377
1.937166
1.881762
1.809654
1.721484
1.618034
1.500222
1.369094
1.225814
1.071654
0.907981
0.736249
0.557982
0.374763
0.188217
-0.000000
-0.188217
-0.374763
-0.557982
-0.736249
-0.907981
-1.071654
-1.225814
-1.369094
-1.500222
-1.618034
-1.721484
-1.809654
-1.881762
-1.937166
-1.975377
-1.996053
-1.999013
-1.984229
-1.951834
-1.902113
-1.835509
-1.752613
-1.654161
-1.541026
-1.414214
-1.274848
-1.124167
-0.963507
-0.794296
-0.618034
-0.436286
-0.250666
-0.062822
0.125581
0.312869
0.497380
0.677476
0.851559
1.018083
1.175571
1.322624
1.457937
1.580310
1.688656
1.782013
1.859553
1.920587
1.964575
1.991124
2.000000
1.991124
1.964575
1.920587
1.859553
1.782013
1.688656
1.580310
1.457937
1.322624
1.175571
1.018083
0.851559
0.677476
0.497380
0.312869
0.125581
-0.062822
-0.250666
-0.436286
-0.618034
-0.794296
-0.963507
-1.124167
-1.274848
-1.414214
-1.541026
-1.654161
-1.752613
-1.835509
-1.902113
-1.951834
-1.984229
-1.999013
-1.996053
-1.975377
-1.937166
-1.881762
-1.809654
-1.721484
-1.618034
-1.500222
-1.369094
-1.225814
-1.071654
-0.907981
-0.736249
-0.557982
-0.374763
-0.188217
0.000000
0.188217
0.374763
0.557982
0.736249
0.907981
1.071654
1.225814
1.369094
1.500222
1.618034
1.721484
1.809654
1.881762
1.937166
1.975377
1.996053
1.999013
1.984229
1.951834
1.902113
1.835509
1.752613
1.654161
1.541026
1.414214
1.274848
1.124167
0.963507
0.794296
0.618034
0.436286
0.250666
0.062822
-0.125581
-0.312869
-0.497380
-0.677476
-0.851559
-1.018083
-1.175571
-1.322624
-1.457937
-1.580310
-1.688656
-1.782013
-1.859553
-1.920587
-1.964575
-1.991124
-2.000000
-1.991124
-1.964575
-1.920587
-1.859553
-1.782013
-1.688656
-1.580310
-1.457937
-1.322624
-1.175571
-1.018083
-0.851559
-0.677476
-0.497380
-0.312869
-0.125581
0.062822
0.250666
0.436286
0.618034
0.794296
0.963507
1.124167
1.274848
1.414214
1.541026
1.654161
1.752613
1.835509
1.902113
1.951834
1.984229
1.999013
1.996053
1.975377
1.937166
1.881762
1.809654
1.721484
1.618034
1.500222
1.369094
1.225814
1.071654
0.907981
0.736249
0.557982
0.374763
0.188217
-0.000000
-0.188217
-0.374763
-0.557982
-0.736249
-0.907981
-1.071654
-1.225814
-1.369094
-1.500222
-1.618034
-1.721484
-1.809654
-1.881762
-1.937166
-1.975377
-1.996053
-1.999013
-1.984229
-1.951834
-1.902113
-1.835509
-1.752613
-1.654161
-1.541026
-1.414214
-1.274848
-1.124167
-0.963507
-0.794296
-0.618034
-0.436286
-0.250666
-0.062822
0.125581
0.312869
0.497380
0.677476
0.851559
1.018083
1.175571
1.322624
1.457937
1.580310
1.688656
1.782013
1.859553
1.920587
1.964575
1.991124
2.000000
1.991124
1.964575
1.920587
1.859553
1.782013
1.688656
1.580310
1.457937
1.322624
1.175571
1.018083
0.851559
0.677476
0.497380
0.312869
0.125581
-0.062822
-0.250666
-0.436286
-0.618034
-0.794296
-0.963507
-1.124167
-1.274848
-1.414214
-1.541026
-1.654161
-1.752613
-1.835509
-1.902113
-1.951834
-1.984229
-1.999013
-1.996053
-1.975377
-1.937166
-1.881762
-1.809654
-1.721484
-1.618034
-1.500222
-1.369094
-1.225814
-1.071654
-0.907981
-0.736249
-0.557982
-0.374763
-0.188217
0.000000
0.188217
0.374763
0.557982
0.736249
0.907981
1.071654
1.225814
1.369094
1.500222
1.618034
1.721484
1.809654
1.881762
1.937166
1.975377
1.996053
1.999013
1.984229
1.951834
1.902113
1.835509
1.752613
1.654161
1.541026
1.414214
1.274848
1.124167
0.963507
0.794296
0.618034
0.436286
0.250666
0.062822
-0.125581
-0.312869
-0.497380
-0.677476
-0.851559
-1.018083
-1.175571
-1.322624
-1.457937
-1.580310
-1.688656
-1.782013
-1.859553
-1.920587
-1.964575
-1.991124
-2.000000
-1.991124
-1.964575
-1.920587
-1.859553
-1.782013
-1.688656
-1.580310
-1.457937
-1.322624
-1.175571
-1.018083
-0.851559
-0.677476
-0.497380
-0.312869
-0.125581
0.062822
0.250666
0.436286
0.618034
0.794296
0.963507
1.124167
1.274848
1.414214
1.541026
1.654161
1.752613
1.835509
1.902113
1.951834
1.984229
1.999013
1.996053
1.975377
1.937166
1.881762
1.809654
1.721484
1.618034
1.500222
1.369094
1.225814
1.071654
0.907981
0.736249
0.557982
0.374763
0.188217
-0.000000
-0.188217
-0.374763
-0.557982
-0.736249
-0.907981
-1.071654
-1.225814
-1.369094
-1.500222
-1.618034
-1.721484
-1.809654
-1.881762
-1.937166
-1.975377
-1.996053
-1.999013
-1.984229
-1.951834
-1.902113
-1.835509
-1.752613
-1.654161
-1.541026
-1.414214
-1.274848
-1.124167
-0.963507
-0.794296
-0.618034
-0.436286
-0.250666
-0.062822
0.125581
0.312869
0.497380
0.677476
0.851559
1.018083
1.175571
1.322624
1.457937
1.580310
1.688656
1.782013
1.859553
1.920587
1.964575
1.991124
2.000000
1.991124
1.964575
1.920587
1.859553
1.782013
1.688656
1.580310
1.457937
1.322624
1.175571
1.018083
0.851559
0.677476
0.497380
0.312869
0.125581
-0.062822
-0.250666
-0.436286
-0.618034
-0.794296
-0.963507
-1.124167
-1.274848
-1.414214
-1.541026
-1.654161
-1.752613
-1.835509
-1.902113
-1.951834
-1.984229
-1.999013
-1.996053
-1.975377
-1.937166
-1.881762
-1.809654
-1.721484
-1.618034
-1.500222
-1.369094
-1.225814
-1.071654
-0.907981
-0.736249
-0.557982
-0.374763
-0.188217
0.000000
0.188217
0.374763
0.557982
0.736249
0.907981
1.071654
1.225814
1.369094
1.500222
1.618034
1.721484
1.809654
1.881762
1.937166
1.975377
1.996053
1.999013
1.984229
1.951834
1.902113
1.835509
1.752613
1.654161
1.541026
