0.359799
0.710739
1.044178
1.351906
1.626346
1.860739
2.049315
2.187430
2.271683
2.300000
2.271683
2.187430
2.049315
1.860739
1.626346
1.351906
1.044178
0.710739
0.359799
-0.000000
-0.359799
-0.710739
-1.044178
-1.351906
-1.626346
-1.860739
-2.049315
-2.187430
-2.271683
-2.300000
-2.271683
-2.187430
-2.049315
-1.860739
-1.626346
-1.351906
-1.044178
-0.710739
-0.359799
0.000000
0.359799
0.710739
1.044178
1.351906
1.626346
1.860739
2.049315
2.187430
2.271683
2.300000
2.271683
2.187430
2.049315
1.860739
1.626346
1.351906
1.044178
0.710739
0.359799
-0.000000
-0.359799
-0.710739
-1.044178
-1.351906
-1.626346
-1.860739
-2.049315
-2.187430
-2.271683
-2.300000
-2.271683
-2.187430
-2.049315
-1.860739
-1.626346
-1.351906
-1.044178
-0.710739
-0.359799
0.000000
0.359799
0.710739
1.044178
1.351906
1.626346
1.860739
2.049315
2.187430
2.271683
2.300000
2.271683
2.187430
2.049315
1.860739
1.626346
1.351906
1.044178
0.710739
0.359799
-0.000000
-0.359799
-0.710739
-1.044178
-1.351906
-1.626346
-1.860739
-2.049315
-2.187430
-2.271683
-2.300000
-2.271683
-2.187430
-2.049315
-1.860739
-1.626346
-1.351906
-1.044178
-0.710739
-0.359799
0.000000
0.359799
0.710739
1.044178
1.351906
1.626346
1.860739
2.049315
2.187430
2.271683
2.300000
2.271683
2.187430
2.049315
1.860739
1.626346
1.351906
1.044178
0.710739
0.359799
-0.000000
-0.359799
-0.710739
-1.044178
-1.351906
-1.626346
-1.860739
-2.049315
-2.187430
-2.271683
-2.300000
-2.271683
-2.187430
-2.049315
-1.860739
-1.626346
-1.351906
-1.044178
-0.710739
-0.359799
0.000000
0.359799
0.710739
1.044178
1.351906
1.626346
1.860739
2.049315
2.187430
2.271683
2.300000
2.271683
2.187430
2.049315
1.860739
1.626346
1.351906
1.044178
0.710739
0.359799
-0.000000
-0.359799
-0.710739
-1.044178
-1.351906
-1.626346
-1.860739
-2.049315
-2.187430
-2.271683
-2.300000
-2.271683
-2.187430
-2.049315
-1.860739
-1.626346
-1.351906
-1.044178
-0.710739
-0.359799
0.000000
0.359799
0.710739
1.044178
1.351906
1.626346
1.860739
2.049315
2.187430
2.271683
2.300000
2.271683
2.187430
2.049315
1.860739
1.626346
1.351906
1.044178
0.710739
0.359799
-0.000000
-0.359799
-0.710739
-1.044178
-1.351906
-1.626346
-1.860739
-2.049315
-2.187430
-2.271683
-2.300000
-2.271683
-2.187430
-2.049315
-1.860739
-1.626346
-1.351906
-1.044178
-0.710739
-0.359799
0.000000
0.359799
0.710739
1.044178
1.351906
1.626346
1.860739
2.049315
2.187430
2.271683
2.300000
2.271683
2.187430
2.049315
1.860739
1.626346
1.351906
1.044178
0.710739
0.359799
-0.000000
-0.359799
-0.710739
-1.044178
-1.351906
-1.626346
-1.860739
-2.049315
-2.187430
-2.271683
-2.300000
-2.271683
-2.187430
-2.049315
-1.860739
-1.626346
-1.351906
-1.044178
-0.710739
-0.359799
0.000000
0.359799
0.710739
1.044178
1.351906
1.626346
1.860739
2.049315
2.187430
2.271683
2.300000
2.271683
2.187430
2.049315
1.860739
1.626346
1.351906
1.044178
0.710739
0.359799
-0.000000
-0.359799
-0.710739
-1.044178
-1.351906
-1.626346
-1.860739
-2.049315
-2.187430
-2.271683
-2.300000
-2.271683
-2.187430
-2.049315
-1.860739
-1.626346
-1.351906
-1.044178
-0.710739
-0.359799
0.000000
0.359799
0.710739
1.044178
1.351906
1.626346
1.860739
2.049315
2.187430
2.271683
2.300000
2.271683
2.187430
2.049315
1.860739
1.626346
1.351906
1.044178
0.710739
0.359799
-0.000000
-0.359799
-0.710739
-1.044178
-1.351906
-1.626346
-1.860739
-2.049315
-2.187430
-2.271683
-2.300000
-2.271683
-2.187430
-2.049315
-1.860739
-1.626346
-1.351906
-1.044178
-0.710739
-0.359799
0.000000
0.359799
0.710739
1.044178
1.351906
1.626346
1.860739
2.049315
2.187430
2.271683
2.300000
2.271683
2.187430
2.049315
1.860739
1.626346
1.351906
1.044178
0.710739
0.359799
-0.000000
-0.359799
-0.710739
-1.044178
-1.351906
-1.626346
-1.860739
-2.049315
-2.187430
-2.271683
-2.300000
-2.271683
-2.187430
-2.049315
-1.860739
-1.626346
-1.351906
-1.044178
-0.710739
-0.359799
0.000000
0.359799
0.710739
1.044178
1.351906
1.626346
1.860739
2.049315
2.187430
2.271683
2.300000
2.271683
2.187430
2.049315
1.860739
1.626346
1.351906
1.044178
0.710739
0.359799
-0.000000
-0.359799
-0.710739
-1.044178
-1.351906
-1.626346
-1.860739
-2.049315
-2.187430
-2.271683
-2.300000
-2.271683
-2.187430
-2.049315
-1.860739
-1.626346
-1.351906
-1.044178
-0.710739
-0.359799
0.000000
0.359799
0.710739
1.044178
1.351906
1.626346
1.860739
2.049315
2.187430
2.271683
2.300000
2.271683
2.187430
2.049315
1.860739
1.626346
1.351906
1.044178
0.710739
0.359799
-0.000000
-0.359799
-0.710739
-1.044178
-1.351906
-1.626346
-1.860739
-2.049315
-2.187430
-2.271683
-2.300000
-2.271683
-2.187430
-2.049315
-1.860739
-1.626346
-1.351906
-1.044178
-0.710739
-0.359799
0.000000
0.359799
0.710739
1.044178
1.351906
1.626346
1.860739
2.049315
2.187430
2.271683
2.300000
2.271683
2.187430
2.049315
1.860739
1.626346
1.351906
1.044178
0.710739
0.359799
-0.000000
-0.359799
-0.710739
-1.044178
-1.351906
-1.626346
-1.860739
-2.049315
-2.187430
-2.271683
-2.300000
-2.271683
-2.187430
-2.049315
-1.860739
-1.626346
-1.351906
-1.044178
-0.710739
-0.359799
0.000000
0.359799
0.710739
1.044178
1.351906
1.626346
1.860739
2.049315
2.187430
2.271683
2.300000
2.271683
2.187430
2.049315
1.860739
1.626346
1.351906
1.044178
0.710739
0.359799
-0.000000
-0.359799
-0.710739
-1.044178
-1.351906
-1.626346
-1.860739
-2.049315
-2.187430
-2.271683
-2.300000
-2.271683
-2.187430
-2.049315
-1.860739
-1.626346
-1.351906
-1.044178
-0.710739
-0.359799
0.000000
0.359799
0.710739
1.044178
1.351906
1.626346
1.860739
2.049315
2.187430
2.271683
2.300000
2.271683
2.187430
2.049315
1.860739
1.626346
1.351906
1.044178
0.710739
0.359799
-0.000000
-0.359799
-0.710739
-1.044178
-1.351906
-1.626346
-1.860739
-2.049315
-2.187430
-2.271683
-2.300000
-2.271683
-2.187430
-2.049315
-1.860739
-1.626346
-1.351906
-1.044178
-0.710739
-0.359799
0.000000
0.359799
0.710739
1.044178
1.351906
1.626346
1.860739
2.049315
2.187430
2.271683
2.300000
2.271683
2.187430
2.049315
1.860739
1.626346
1.351906
1.044178
0.710739
0.359799
-0.000000
-0.359799
-0.710739
-1.044178
-1.351906
-1.626346
-1.860739
-2.049315
-2.187430
-2.271683
-2.300000
-2.271683
-2.187430
-2.049315
-1.860739
-1.626346
-1.351906
-1.044178
-0.710739
-0.359799
0.000000
0.359799
0.710739
1.044178
1.351906
1.626346
1.860739
2.049315
2.187430
2.271683
2.300000
2.271683
2.187430
2.049315
1.860739
1.626346
1.351906
1.044178
0.710739
0.359799
-0.000000
-0.359799
-0.710739
-1.044178
-1.351906
-1.626346
-1.860739
-2.049315
-2.187430
-2.271683
-2.300000
-2.271683
-2.187430
-2.049315
-1.860739
-1.626346
-1.351906
-1.044178
-0.710739
-0.359799
0.000000
0.359799
0.710739
1.044178
1.351906
1.626346
1.860739
2.049315
2.187430
2.271683
2.300000
2.271683
2.187430
2.049315
1.860739
1.626346
1.351906
1.044178
0.710739
0.359799
-0.000000
-0.359799
-0.710739
-1.044178
-1.351906
-1.626346
-1.860739
-2.049315
-2.187430
-2.271683
-2.300000
-2.271683
-2.187430
-2.049315
-1.860739
-1.626346
-1.351906
-1.044178
-0.710739
-0.359799
0.000000
0.359799
0.710739
1.044178
1.351906
1.626346
1.860739
2.049315
2.187430
2.271683
2.300000
2.271683
2.187430
2.049315
1.860739
1.626346
1.351906
1.044178
0.710739
0.359799
-0.000000
-0.359799
-0.710739
-1.044178
-1.351906
-1.626346
-1.860739
-2.049315
-2.187430
-2.271683
-2.300000
-2.271683
-2.187430
-2.049315
-1.860739
-1.626346
-1.351906
-1.044178
-0.710739
-0.359799
0.000000
0.359799
0.710739
1.044178
1.351906
1.626346
1.860739
2.049315
2.187430
2.271683
2.300000
2.271683
2.187430
2.049315
1.860739
1.626346
1.351906
1.044178
0.710739
0.359799
-0.000000
-0.359799
-0.710739
-1.044178
-1.351906
-1.626346
-1.860739
-2.049315
-2.187430
-2.271683
-2.300000
-2.271683
-2.187430
-2.049315
-1.860739
-1.626346
-1.351906
-1.044178
-0.710739
-0.359799
0.000000
0.359799
0.710739
1.044178
1.351906
1.626346
1.860739
2.049315
2.187430
2.271683
2.300000
2.271683
2.187430
2.049315
1.860739
1.626346
1.351906
1.044178
0.710739
0.359799
-0.000000
-0.359799
-0.710739
-1.044178
-1.351906
-1.626346
-1.860739
-2.049315
-2.187430
-2.271683
-2.300000
-2.271683
-2.187430
-2.049315
-1.860739
-1.626346
-1.351906
-1.044178
-0.710739
-0.359799
0.000000
0.359799
0.710739
1.044178
1.351906
1.626346
1.860739
2.049315
2.187430
2.271683
2.300000
2.271683
2.187430
2.049315
1.860739
1.626346
1.351906
1.044178
0.710739
0.359799
-0.000000
-0.359799
-0.710739
-1.044178
-1.351906
-1.626346
-1.860739
-2.049315
-2.187430
-2.271683
-2.300000
-2.271683
-2.187430
-2.049315
-1.860739
-1.626346
-1.351906
-1.044178
-0.710739
-0.359799
0.000000
0.359799
0.710739
1.044178
1.351906
1.626346
1.860739
2.049315
2.187430
2.271683
2.300000
2.271683
2.187430
2.049315
1.860739
1.626346
1.351906
1.044178
0.710739
0.359799
-0.000000
-0.359799
-0.710739
-1.044178
-1.351906
-1.626346
-1.860739
-2.049315
-2.187430
-2.271683
-2.300000
-2.271683
-2.187430
-2.049315
-1.860739
-1.626346
-1.351906
-1.044178
-0.710739
-0.359799
0.000000
0.359799
0.710739
1.044178
1.351906
1.626346
1.860739
2.049315
2.187430
2.271683
2.300000
2.271683
2.187430
2.049315
1.860739
1.626346
1.351906
1.044178
0.710739
0.359799
-0.000000
-0.359799
-0.710739
-1.044178
-1.351906
-1.626346
-1.860739
-2.049315
-2.187430
-2.271683
-2.300000
-2.271683
-2.187430
-2.049315
-1.860739
-1.626346
-1.351906
-1.044178
-0.710739
-0.359799
0.000000
0.359799
0.710739
1.044178
1.351906
1.626346
1.860739
2.049315
2.187430
2.271683
2.300000
2.271683
2.187430
2.049315
1.860739
1.626346
1.351906
1.044178
0.710739
0.359799
-0.000000
-0.359799
-0.710739
-1.044178
-1.351906
-1.626346
-1.860739
-2.049315
-2.187430
-2.271683
-2.300000
-2.271683
-2.187430
-2.049315
-1.860739
-1.626346
-1.351906
-1.044178
-0.710739
-0.359799
0.000000
0.359799
0.710739
1.044178
1.351906
1.626346
1.860739
2.049315
2.187430
2.271683
2.300000
2.271683
2.187430
2.049315
1.860739
1.626346
1.351906
1.044178
0.710739
0.359799
-0.000000
-0.359799
-0.710739
-1.044178
-1.351906
