0.780545
0.530944
0.326823
0.119078
0.084085
0.255009
-0.189600
-0.402703
-0.466724
-0.313711
-0.162171
-0.296326
-0.179437
0.026995
0.268138
0.336245
0.231314
0.266133
0.283666
0.235510
0.049159
-0.143356
-0.183325
-0.205711
-0.239538
-0.288835
-0.248010
-0.101751
0.018348
0.091242
0.134360
0.203348
0.260722
0.233274
0.148827
0.056280
-0.006175
-0.069300
-0.151501
-0.209308
-0.211924
-0.163707
-0.107218
-0.054893
0.012312
0.091142
0.154934
0.175187
0.160311
0.132336
0.093238
0.035604
-0.036779
-0.098730
-0.132487
-0.141923
-0.135741
-0.113487
-0.068834
-0.008983
0.047623
0.088562
0.113253
0.124301
0.117252
0.088106
0.042958
-0.005277
-0.047083
-0.080300
-0.102721
-0.108670
-0.094571
-0.064329
-0.026776
0.011544
0.047232
0.076000
0.091681
0.090422
0.074136
0.047948
0.016254
-0.017440
-0.048230
-0.069958
-0.078612
-0.074172
-0.058979
-0.035560
-0.006857
0.022465
0.046814
0.062085
0.066843
0.061366
0.046591
0.024587
-0.000812
-0.024846
-0.043579
-0.054698
-0.057048
-0.050324
-0.035581
-0.015589
0.005902
0.025378
0.040128
0.048139
0.048193
0.040395
0.026406
0.008913
-0.009183
-0.025177
-0.036667
-0.041855
-0.040064
-0.031947
-0.019171
-0.003915
0.011419
0.024405
0.032970
0.035880
0.032969
0.024996
0.013395
0.000079
-0.012761
-0.023038
-0.029201
-0.030485
-0.026914
-0.019216
-0.008738
0.002733
0.013294
0.021298
0.025608
0.025702
0.021709
0.014403
0.005089
-0.004649
-0.013248
-0.019409
-0.022255
-0.021450
-0.017253
-0.010478
-0.002317
0.005881
0.012827
0.017466
0.019143
0.017702
0.794049
0.538279
0.327070
0.112474
0.071947
0.239489
-0.205897
-0.417156
-0.477113
-0.318549
-0.160904
-0.289397
-0.168173
0.040628
0.281881
0.347912
0.239134
0.269012
0.281342
0.228561
0.038875
-0.155210
-0.194805
-0.215005
-0.245256
-0.290209
-0.244995
-0.095002
0.027611
0.101449
0.143850
0.210641
0.264746
0.233520
0.145405
0.049880
-0.014418
-0.078003
-0.159261
-0.214931
-0.214600
-0.163129
-0.103605
-0.048941
0.019565
0.098491
0.161207
0.179430
0.161931
0.131179
0.089598
0.030158
-0.043094
-0.104874
-0.137493
-0.145040
-0.136547
-0.111946
-0.065285
-0.004070
0.053066
0.093648
0.117189
0.126506
0.117445
0.086336
0.039584
-0.009655
-0.051730
-0.084466
-0.105763
-0.110150
-0.094314
-0.062447
-0.023631
0.015401
0.051161
0.079372
0.093983
0.091331
0.073563
0.046042
0.013371
-0.020803
-0.051519
-0.072653
-0.080309
-0.074641
-0.058194
-0.033695
-0.004252
0.025367
0.049540
0.064208
0.068051
0.061502
0.045676
0.022809
-0.000828
-0.024120
-0.043057
-0.055108
-0.058459
-0.051984
-0.038628
-0.020129
0.000583
0.020657
0.037251
0.047101
0.049496
0.044456
0.033187
0.017442
-0.000672
-0.017920
-0.031705
-0.040091
-0.042243
-0.038191
-0.028460
-0.014748
0.000665
0.015270
0.026953
0.034275
0.036232
0.032656
0.024245
0.012534
-0.000509
-0.012972
-0.023065
-0.029359
-0.030978
-0.027845
-0.020692
-0.010758
0.000398
0.011106
0.019758
0.025086
0.026434
0.023788
0.017713
0.009216
-0.000360
-0.009517
-0.016878
-0.021416
-0.022588
-0.020351
-0.015147
-0.007862
0.000321
0.008126
0.014409
0.018305
0.752113
0.531396
0.331115
0.153828
0.109296
0.269865
-0.151947
-0.376510
-0.438996
-0.327103
-0.193612
-0.332613
-0.234010
-0.026963
0.201079
0.293731
0.217851
0.276514
0.323306
0.289154
0.128803
-0.059659
-0.112480
-0.157173
-0.225202
-0.300807
-0.295686
-0.178289
-0.074015
-0.002403
0.059448
0.151614
0.243170
0.254434
0.206843
0.143690
0.092178
0.027362
-0.071320
-0.158010
-0.198416
-0.192865
-0.172128
-0.145466
-0.089772
-0.007303
0.074887
0.128064
0.153157
0.165963
0.161645
0.128100
0.066349
-0.001781
-0.057195
-0.100256
-0.133598
-0.150441
-0.139411
-0.102027
-0.053121
-0.003643
0.044022
0.088182
0.119554
0.128192
0.114379
0.085830
0.048955
0.005720
-0.039871
-0.078402
-0.101324
-0.106639
-0.097373
-0.075815
-0.043028
-0.003188
0.035720
0.066148
0.084819
0.091260
0.084799
0.065261
0.035576
0.001866
-0.029784
-0.055522
-0.072768
-0.078973
-0.072593
-0.054958
-0.030008
-0.002159
0.024903
0.047740
0.062779
0.067453
0.061514
0.046812
0.026046
0.002130
-0.021530
-0.041137
-0.053561
-0.057321
-0.052533
-0.040279
-0.022392
-0.001632
0.018585
0.035061
0.045579
0.049002
0.045072
0.034476
0.019004
0.001300
-0.015801
-0.029852
-0.038985
-0.041988
-0.038533
-0.029374
-0.016197
-0.001174
0.013443
0.025545
0.033383
0.035880
0.032873
0.025087
0.013887
0.001035
-0.011516
-0.021869
-0.028520
-0.030628
-0.028090
-0.021470
-0.011883
-0.000863
0.009862
0.018679
0.024352
0.026177
0.024026
0.018355
0.010141
0.000727
-0.008420
-0.015951
-0.020816
-0.022384
-0.020535
-0.015677
-0.008662
-0.000628
0.007189
0.013636
0.750592
0.533130
0.335724
0.160512
0.116971
0.277342
-0.145776
-0.372516
-0.437695
-0.328588
-0.197553
-0.338324
-0.240566
-0.033354
0.195803
0.290318
0.216741
0.277784
0.326673
0.294033
0.134407
-0.054196
-0.107971
-0.154256
-0.224253
-0.301891
-0.298563
-0.182460
-0.078805
-0.007072
0.055595
0.149122
0.242359
0.255360
0.209302
0.147255
0.108489
0.045592
-0.056872
-0.144825
-0.186559
-0.186277
-0.182504
-0.169307
-0.116480
-0.034713
0.044185
0.095740
0.132662
0.165808
0.176596
0.151325
0.098268
0.041891
-0.009409
-0.063098
-0.113938
-0.145622
-0.147485
-0.127390
-0.097217
-0.056934
-0.005398
0.048983
0.091332
0.114728
0.122792
0.117350
0.095634
0.057628
0.011798
-0.031002
-0.066161
-0.092633
-0.107205
-0.105106
-0.086086
-0.056020
-0.021137
0.015094
0.049449
0.076347
0.090298
0.090042
0.077851
0.056247
0.027243
-0.005560
-0.036385
-0.060058
-0.074106
-0.077883
-0.071033
-0.053984
-0.029448
-0.001924
0.024310
0.046192
0.061241
0.067213
0.063123
0.050107
0.030804
0.008147
-0.014976
-0.035399
-0.050019
-0.056805
-0.055326
-0.046336
-0.031245
-0.012162
0.008039
0.026249
0.039954
0.047579
0.048360
0.042303
0.030407
0.014649
-0.002489
-0.018585
-0.031530
-0.039622
-0.041803
-0.037955
-0.028925
-0.016225
-0.001726
0.012527
0.024508
0.032556
0.035695
0.033720
0.027110
0.016922
0.004703
-0.007722
-0.018569
-0.026391
-0.030231
-0.029689
-0.024977
-0.016912
-0.006777
0.003917
0.013662
0.021137
0.025363
0.025851
0.022680
0.016445
0.008139
-0.001008
-0.009680
-0.016665
-0.021037
-0.022286
-0.020361
-0.015647
0.704979
0.474023
0.272991
0.205068
0.185176
0.320217
-0.121939
-0.326848
-0.309650
-0.269150
-0.229158
-0.402961
-0.279345
-0.043853
0.092444
0.151649
0.135353
0.279973
0.361423
0.285889
0.164512
0.057652
0.037391
-0.054322
-0.196165
-0.268982
-0.260790
-0.198661
-0.176402
-0.141833
-0.040973
0.076705
0.160390
0.180875
0.194006
0.212533
0.190605
0.119654
0.026221
-0.042011
-0.090673
-0.144376
-0.187197
-0.193642
-0.155761
-0.102128
-0.052124
0.004520
0.070010
0.128063
0.155804
0.153666
0.137491
0.109510
0.064034
0.003400
-0.054760
-0.095745
-0.120804
-0.133300
-0.129505
-0.103622
-0.060317
-0.012800
0.031011
0.069726
0.100848
0.116938
0.112760
0.091839
0.061105
0.024610
-0.015513
-0.053932
-0.082495
-0.096516
-0.096552
-0.084682
-0.061765
-0.029641
0.006177
0.038844
0.063907
0.079585
0.084467
0.077083
0.058240
0.031812
0.002640
-0.025498
-0.049567
-0.066196
-0.072535
-0.067955
-0.054154
-0.033723
-0.009302
0.015924
0.038083
0.053739
0.061055
0.059734
0.050295
0.034011
0.013312
-0.008452
-0.027995
-0.042837
-0.051281
-0.052279
-0.045756
-0.032929
-0.016031
0.002370
0.019786
0.033884
0.042694
0.045071
0.040988
0.031368
0.017747
0.002087
-0.013342
-0.026291
-0.034999
-0.038466
-0.036446
-0.029387
-0.018414
-0.005239
0.008150
0.019865
0.028298
0.032997
0.033228
0.028963
0.020933
0.010414
-0.000885
-0.011713
-0.020714
-0.026675
-0.028836
-0.027021
-0.021805
-0.013959
-0.004513
0.005245
0.013965
0.020444
0.023993
0.024304
0.021415
0.015775
0.008216
-0.000122
-0.008108
0.656870
0.426943
0.252159
0.179097
0.175118
0.307514
-0.103848
-0.277815
-0.276291
-0.233797
-0.209935
-0.387388
-0.276908
-0.080096
0.048495
0.098104
0.087951
0.239791
0.325709
0.282241
0.185094
0.102347
0.095841
0.007756
-0.126996
-0.213547
-0.227074
-0.193639
-0.200480
-0.186526
-0.108710
-0.002477
0.082026
0.116038
0.153963
0.198243
0.207702
0.167100
0.097585
0.042960
-0.006739
-0.070656
-0.134322
-0.170198
-0.165826
-0.145183
-0.120182
-0.079664
-0.019205
0.046483
0.093640
0.120808
0.137699
0.142401
0.125354
0.084763
0.035419
-0.010227
-0.051902
-0.090197
-0.118087
-0.125463
-0.112606
-0.087764
-0.055730
-0.016729
0.026588
0.065035
0.090559
0.102234
0.102144
0.090212
0.065331
0.030921
-0.005554
-0.038238
-0.064777
-0.083408
-0.090734
-0.084552
-0.066766
-0.041688
-0.012895
0.017076
0.044622
0.065097
0.075416
0.075315
0.065988
0.048583
0.024871
-0.001665
-0.026691
-0.046838
-0.060237
-0.065646
-0.062191
-0.050277
-0.032054
-0.010562
0.011363
0.031205
0.046432
0.054871
0.055542
0.048895
0.036245
0.019302
0.000258
-0.018210
-0.033484
-0.043686
-0.047834
-0.045635
-0.037463
-0.024537
-0.008839
0.007365
0.021982
0.033242
0.039758
0.040746
0.036269
0.027195
0.014917
0.001110
-0.012395
-0.023786
-0.031588
-0.034920
-0.033555
-0.027840
-0.018642
-0.007289
0.004608
0.015441
0.023843
0.028819
0.029823
0.026839
0.692031
0.457713
0.274658
0.190616
0.174514
0.295329
-0.125562
-0.305862
-0.306771
-0.262597
-0.233292
-0.402415
-0.281943
-0.074846
0.062980
0.119592
0.113346
0.265589
0.348496
0.299133
0.194077
0.102510
0.087478
-0.007714
-0.147268
-0.235781
-0.248271
-0.211039
-0.211918
-0.190709
-0.105356
0.007700
0.097440
0.134471
0.172869
0.215109
0.220380
0.174071
0.098136
0.037246
-0.017737
-0.085293
-0.150537
-0.185795
-0.178773
-0.153866
-0.123608
-0.077573
-0.012072
0.057534
0.107011
0.134652
0.150172
0.151906
0.130746
0.085480
0.031535
-0.018034
-0.062460
-0.102014
-0.129559
-0.135088
-0.119184
-0.090535
-0.054467
-0.011744
0.034502
0.074729
0.100690
0.111450
0.109262
0.094369
0.066086
0.028298
-0.011088
-0.045848
-0.073384
-0.091839
-0.097885
-0.089526
-0.068985
-0.040959
-0.009421
0.022738
0.051646
0.072507
0.082221
0.080639
0.069182
0.049303
0.023112
