0.000000
0.000000
0.000000
0.000000
0.000000
0.000000
0.000000
0.000000
0.000000
0.000000
0.021215
0.000000
0.000000
0.000000
0.000000
0.000000
0.000000
0.000000
0.000000
0.000000
0.000000
0.000000
0.000000
0.000000
0.000000
0.000000
0.000000
0.000000
0.000000
0.000000
0.000000
0.000000
0.230766
0.000955
0.000219
0.009331
0.000172
0.001096
0.000000
0.001738
0.001065
0.001065
0.002051
0.002114
0.006012
0.023720
0.010474
0.000360
0.000767
0.000485
0.000517
0.000642
0.000282
0.000454
0.000235
0.000219
0.000282
0.000658
0.002756
0.000110
0.000000
0.039612
0.000000
0.000204
0.000501
0.002411
0.001127
0.001628
0.001393
0.004290
0.001174
0.002114
0.001613
0.003163
0.000767
0.000752
0.001049
0.001832
0.001926
0.001722
0.001315
0.000047
0.001957
0.004353
0.003711
0.000548
0.000783
0.001362
0.000172
0.000658
0.000485
0.000204
0.000266
0.000204
0.002129
0.014686
0.000000
0.045749
0.008893
0.017551
0.018005
0.071974
0.011476
0.014717
0.030186
0.040034
0.001300
0.006106
0.023376
0.013794
0.039956
0.048317
0.011962
0.000501
0.033866
0.038093
0.048802
0.018475
0.007265
0.011179
0.001519
0.010928
0.000517
0.000329
0.005214
0.000000
0.000000
0.000000
0.000000
0.000000
0.000000
0.000000
0.000000
0.000000
0.000000
0.000000
0.000000
0.000000
0.000000
0.000000
0.000000
0.000000
0.000000
0.000000
0.000000
0.000000
0.000000
0.000000
0.000000
0.000000
